1792 1186
1792 655
1792 18396
1792 33934
1792 10019
1792 38647
1792 11851
1792 12181
1792 40475
27265 18396
27265 1186
27265 30707
27265 12181
27265 33934
27265 655
27265 5558
27265 15159
27265 12004
50951 1186
50951 12444
50951 35776
50951 10197
50951 50251
651 1186
651 24668
651 51003
33934 1186
33934 655
33934 18396
33934 11851
33934 19550
33934 12004
33934 12181
33934 40475
33934 30707
33934 5558
33934 15159
33934 10019
33934 38647
655 1186
655 18396
655 11851
655 19550
655 12004
655 12181
655 40475
655 30707
655 5558
655 15159
655 10019
655 38647
12181 1186
12181 18396
12181 11851
12181 19550
12181 12004
12181 40475
12181 30707
12181 5558
12181 15159
12181 10019
12181 38647
40475 1186
40475 18396
40475 11851
40475 19550
40475 12004
40475 10019
40475 38647
12444 1186
12444 35776
12444 50251
12444 10197
1186 24668
1186 51003
1186 50989
1186 35776
1186 50251
1186 10197
1186 18396
1186 11851
1186 19550
1186 12004
1186 861
1186 30500
1186 8023
1186 27839
1186 15159
1186 45649
1186 9406
1186 9824
1186 21694
1186 30707
1186 5558
1186 12086
1186 12090
1186 24312
1186 27500
1186 45515
1186 10019
1186 38647
10019 18396
10019 38647
10019 11851
30500 861
30500 8023
30500 27839
30500 15159
50989 12086
50989 24668
5558 18396
5558 30707
5558 15159
5558 12004
15159 861
15159 8023
15159 27839
15159 18396
15159 30707
15159 12004
12086 24668
12086 12090
12086 24312
12086 27500
12086 45515
12086 51003
12090 24312
12090 24668
51003 24668
9406 9824
27839 861
27839 8023
35776 50251
35776 10197
50251 10197
11851 18396
11851 19550
11851 12004
11851 38647
45515 27500
45515 24668
8023 861
24668 24312
24668 27500
18396 19550
18396 12004
18396 30707
18396 38647
19550 12004
12004 30707
