45639 5066
45639 12202
45639 27737
45639 35792
45639 43692
20700 1162
20700 1288
20700 2762
20700 3236
20700 6487
20700 7411
20700 8185
20700 8306
20700 8697
20700 10327
20700 11103
20700 13567
20700 14510
20700 14753
20700 16220
20700 16221
20700 32408
20700 49165
20700 22777
20700 46943
20700 41227
20700 36915
20700 34343
20700 34398
20700 22421
20700 36639
20700 22695
20700 39081
20700 26218
20700 38355
20700 41323
20700 46746
20700 21443
20700 32187
20700 40460
20700 37293
20700 44808
20700 46833
20700 26187
20700 36385
20700 30980
20700 21349
20700 47209
20700 29976
20700 40168
48610 5912
48610 49060
48610 3189
48610 20197
48610 31076
48610 26406
48610 33068
48610 17418
48610 23446
48610 44220
48610 25307
48610 12618
48610 48785
48610 2266
48610 16622
48610 2591
48610 12774
48610 18179
48610 28770
48610 2254
48610 40086
48610 32742
48610 18224
48610 40080
48610 46611
48610 24800
48610 2111
48610 29128
48610 48524
48610 44153
48610 3203
48610 16565
48610 24922
48610 3109
5912 48610
5912 20197
5912 31076
5912 26406
5912 33068
5912 17418
5912 23446
5912 44220
5912 1893
5912 47761
5912 43606
5912 47866
5912 48176
5912 29112
5912 23605
5912 49337
5912 49180
5912 48785
5912 23747
5912 11506
5912 1891
5912 27652
5912 47864
5912 48175
5912 3203
5912 28919
5912 48516
5912 29179
5912 11351
5912 16452
5912 26913
5912 2903
5912 2111
5912 29128
5912 48524
5912 44153
5912 26155
400 7727
400 30962
400 19486
400 43915
400 38327
400 27346
7727 400
7727 30962
7727 19486
7727 43915
7727 38327
7727 27346
30962 400
30962 7727
30962 19486
30962 27346
30962 43915
30962 38327
19486 400
19486 601
19486 1083
19486 4942
19486 5192
19486 5308
19486 5374
19486 7727
19486 9920
19486 15888
19486 30962
19486 43915
19486 38327
19486 27346
19486 21775
19486 1511
19486 35087
19486 30432
19486 33897
19486 8226
19486 15340
19486 48096
19486 10141
19486 22010
19486 30700
19486 40583
19486 34027
19486 35999
19486 47985
19486 48145
19486 36000
19486 38244
19486 10089
19486 1406
19486 40058
19486 22005
19486 47682
43915 400
43915 2399
43915 3105
43915 7727
43915 11265
43915 17934
43915 19486
43915 20485
43915 23412
43915 27346
43915 28947
43915 30962
43915 38327
38327 400
38327 7727
38327 19486
38327 27346
38327 30962
38327 43915
27346 400
27346 7727
27346 9920
27346 15888
27346 19486
27346 30962
27346 43915
27346 38327
27346 38244
27346 22005
8951 2720
8951 5839
8951 8771
8951 37872
8951 23405
8951 37862
8951 35368
8951 11401
8951 35361
8951 11244
8951 32094
8951 28473
8951 10485
8951 31589
8951 10815
8951 34494
8951 31839
8951 31963
23405 2720
23405 5839
23405 8771
23405 8951
23405 10485
23405 10815
23405 11244
23405 11401
23405 28473
23405 31839
23405 37862
23405 37872
23405 35368
23405 35361
23405 32094
23405 31589
23405 34494
23405 31963
30217 1128
30217 22033
30217 5211
30217 12249
30217 50239
30217 35029
30217 49032
30217 40592
1128 5211
1128 12249
1128 50239
1128 30217
1128 29933
1128 15568
1128 12247
1128 5512
1128 21851
1128 22072
1128 47777
1128 19479
1128 27397
1128 30780
1128 48044
1128 12128
1128 48128
1128 22033
1128 24497
1128 38155
1128 20940
1128 35029
1128 43715
1128 35953
1128 43699
1128 15237
1128 22011
1128 38564
1128 21292
1128 15624
1128 19623
1128 24453
1128 15636
1128 21269
1128 34065
1128 12345
1128 30125
1128 43155
1128 27406
1128 15861
1128 38522
1128 21257
1128 17031
1128 43287
1128 19744
1128 24061
1128 13824
1128 38563
50239 1128
50239 5512
50239 12128
50239 12247
50239 12251
50239 14033
50239 15568
50239 19479
50239 21259
50239 21851
50239 22033
50239 22072
50239 27397
50239 29933
50239 30217
50239 30780
50239 47777
50239 48044
50239 5211
50239 12249
50239 48128
50239 7970
50239 900
50239 1158
50239 27762
50239 12149
50239 9854
50239 45736
50239 11927
50239 24563
50239 30539
50239 40465
50239 21348
50239 21587
50239 38680
50239 5123
50239 50261
50239 40592
10128 15554
10128 517
10128 750
10128 24442
10128 24164
10128 36075
10128 30651
10128 5021
10128 35765
10128 50132
10128 15892
10128 24212
10128 30445
10128 43715
10128 17098
10128 33835
10128 1242
10128 40595
10128 13922
12128 1128
12128 1339
12128 5512
12128 29933
12128 15568
12128 12247
12128 21851
12128 22072
12128 47777
12128 19479
12128 27397
12128 30780
12128 50239
12128 48044
12128 49642
12128 38244
12128 30595
12128 43692
12128 14033
601 764
601 5210
601 19670
601 30922
601 9849
601 29134
601 15507
601 27720
601 7995
601 36224
601 1217
601 24161
601 1480
601 46817
601 24162
601 27645
601 4942
601 40583
601 34027
601 35999
601 9920
601 15888
601 47985
601 1083
601 5374
601 48145
601 19486
601 5308
601 36000
601 35981
601 5562
601 1794
601 1618
601 43422
601 30668
601 10126
601 27662
601 5192
601 47682
764 601
764 5210
5210 601
5210 1075
5210 764
5210 19670
5210 30922
5210 9849
5210 29134
5210 15507
5210 24442
5210 41901
5210 19512
5210 38485
5210 1419
5210 19796
5210 27770
5210 45734
5210 4631
5210 19664
5210 40276
5210 30099
5210 43638
5210 19808
5210 30551
5210 24218
5210 30572
5210 50250
5210 24041
5210 15316
5210 44651
5210 12109
5210 1616
5210 41040
5210 12267
5210 565
5210 50950
5210 11841
5210 36209
5210 1810
5210 5413
5210 14021
5210 19554
5210 15851
5210 14010
5210 33000
5210 24476
5210 43512
5210 5084
5210 38134
5210 23941
5210 19304
5210 11969
5210 1205
5210 15613
5210 33963
5210 5263
5210 27685
5210 35130
5210 7990
5210 24440
5210 30668
5210 10126
5210 27662
19670 601
19670 5210
30922 601
30922 5210
9849 601
9849 5210
29134 601
29134 5210
15507 601
15507 5210
15507 10004
15507 24300
27720 601
7995 601
36224 601
1217 601
24161 601
1480 601
46817 601
24162 601
27645 601
4942 601
4942 1083
4942 40583
4942 34027
4942 35999
4942 9920
4942 15888
4942 47985
4942 5374
4942 48145
4942 19486
4942 5308
4942 36000
40583 601
40583 1083
40583 4942
40583 5192
40583 5308
40583 5374
40583 9920
40583 15888
40583 19486
40583 34027
40583 35999
40583 36000
40583 47985
40583 48145
40583 47682
34027 601
34027 762
34027 1083
34027 1573
34027 4942
34027 5308
34027 5374
34027 5481
34027 8262
34027 9920
34027 15888
34027 18184
34027 18267
34027 19486
34027 19527
34027 30774
34027 30789
34027 40583
34027 35999
34027 47985
34027 48145
34027 36000
34027 47678
34027 47942
35999 601
35999 1083
35999 4942
35999 5192
35999 5308
35999 5374
35999 9920
35999 15888
35999 19486
35999 34027
35999 40583
35999 47985
35999 48145
35999 47682
9920 601
9920 1083
9920 4942
9920 5192
9920 5308
9920 5374
9920 19486
9920 22010
9920 30700
9920 15888
9920 40583
9920 34027
9920 35999
9920 47985
9920 48145
9920 36000
9920 22005
9920 27346
9920 47682
15888 601
15888 1083
15888 4942
15888 5192
15888 5308
15888 5374
15888 9920
15888 40348
15888 40486
15888 19486
15888 22010
15888 30700
15888 40583
15888 34027
15888 35999
15888 47985
15888 48145
15888 36000
15888 10089
15888 1406
15888 40058
15888 22005
15888 27346
15888 47682
47985 601
47985 1083
47985 4942
47985 5308
47985 5374
47985 9920
47985 15888
47985 19486
47985 34027
47985 35985
47985 35999
47985 36000
47985 40583
47985 4939
47985 5504
47985 21827
47985 21852
47985 21545
47985 5174
47985 12360
47985 27545
47985 24065
47985 30044
47985 48028
47985 5470
47985 5486
47985 48155
47985 5535
47985 15418
47985 36079
47985 19831
47985 40484
47985 50906
47985 15694
47985 21962
47985 33980
47985 24391
47985 5296
47985 9840
47985 21287
47985 15259
47985 27451
47985 13889
47985 9853
47985 40425
47985 24525
47985 47697
47985 48145
47985 5101
47985 27465
47985 1869
47985 43714
47985 24061
1083 601
1083 4942
1083 40583
1083 34027
1083 35999
1083 9920
1083 15888
1083 47985
1083 5374
1083 48145
1083 19486
1083 5308
1083 36000
1083 35981
1083 5562
1083 1794
1083 1618
1083 43422
1083 5192
1083 47682
5374 601
5374 1083
5374 1618
5374 1794
5374 4942
5374 5308
5374 40583
5374 34027
5374 35999
5374 9920
5374 15888
5374 47985
5374 48145
5374 19486
5374 35981
5374 5562
5374 43422
48145 601
48145 1083
48145 1618
48145 1794
48145 4942
48145 5192
48145 5308
48145 5374
48145 5562
48145 9920
48145 15888
48145 19486
48145 34027
48145 35981
48145 35999
48145 36000
48145 40583
48145 43422
48145 47682
48145 47985
5308 601
5308 1083
5308 1618
5308 1794
5308 4942
5308 5192
5308 40583
5308 34027
5308 35999
5308 9920
5308 15888
5308 47985
5308 5374
5308 48145
5308 19486
5308 36000
5308 35981
5308 5562
5308 43422
5308 47682
36000 601
36000 1083
36000 4942
36000 5308
36000 9920
36000 15888
36000 19486
36000 34027
36000 13889
36000 9853
36000 47697
36000 27345
36000 9840
36000 1303
36000 961
36000 12161
36000 40425
36000 15214
36000 21287
36000 15259
36000 27451
36000 47985
36000 24525
36000 40583
36000 48145
36000 43335
36000 50185
36000 21292
35981 601
35981 1083
35981 1618
35981 1794
35981 5308
35981 5374
35981 5562
35981 43422
35981 48145
5562 601
5562 1083
5562 1618
5562 1794
5562 5308
5562 5374
5562 35981
5562 43422
5562 48145
1794 601
1794 1083
1794 1618
1794 5374
1794 35981
1794 5562
1794 43422
1794 48145
1794 5308
1618 601
1618 1083
1618 5374
1618 35981
1618 5562
1618 1794
1618 43422
1618 48145
1618 5308
43422 601
43422 1083
43422 1618
43422 1794
43422 5308
43422 5374
43422 5562
43422 35981
43422 48145
30668 601
30668 5210
10126 601
10126 5210
27662 601
27662 5210
5309 19708
19634 33846
19634 552
19634 38588
19634 51018
19634 34992
19634 1703
19634 30770
19634 40248
19634 21752
19634 36374
19634 48010
19634 18303
19634 47967
19634 1657
19634 15859
19634 5330
19634 19706
19634 24074
19634 20195
35087 19486
35087 21775
35087 48096
30432 19486
30432 21775
30432 48096
48096 19486
48096 21775
48096 1511
48096 35087
48096 30432
48096 33897
48096 8226
48096 15340
48096 10141
5192 601
5192 1083
5192 40583
5192 35999
5192 9920
5192 15888
5192 47682
5192 48145
5192 19486
5192 5308
47682 601
47682 1083
47682 5192
47682 5308
47682 9920
47682 15888
47682 19486
47682 35999
47682 40583
47682 48145
609 5437
609 12231
609 8244
5437 609
12231 609
8244 609
24440 1040
24440 1075
24440 5210
24440 9887
24440 15392
24440 15721
24440 18195
24440 19512
24440 19658
24440 36110
24440 24589
24440 31010
24440 27302
24440 38357
24440 45590
24440 36089
24440 27697
24440 38351
24440 46799
24440 30484
24440 45642
24440 27565
24440 41901
24440 38485
27565 15392
27565 15721
27565 18195
27565 19658
27565 24440
27565 27302
27565 38357
27565 45590
27565 36089
27565 27697
27565 38351
27565 46799
27565 30484
27565 45642
24442 1075
24442 5210
24442 10128
24442 19512
24442 19796
24442 38485
24442 40276
24442 41901
24442 50250
632 27674
632 747
632 35955
632 27515
632 1313
632 43692
632 15901
632 36164
27674 632
27674 747
27674 1313
27674 15901
27674 27515
27674 35955
27674 43692
27674 36164
747 632
747 27674
747 35955
747 27515
747 1313
747 43692
747 15901
747 36164
35955 632
35955 747
35955 1313
35955 15901
35955 27515
35955 27674
35955 43692
35955 36164
27515 632
27515 747
27515 1313
27515 15901
27515 27674
27515 35955
27515 43692
27515 36164
1313 632
1313 747
1313 27674
1313 35955
1313 27515
1313 43692
1313 15901
1313 36164
43692 632
43692 747
43692 1313
43692 5066
43692 5378
43692 6596
43692 8897
43692 9694
43692 12128
43692 12193
43692 12202
43692 15471
43692 15726
43692 15784
43692 15901
43692 15906
43692 18264
43692 18349
43692 18372
43692 24093
43692 27515
43692 27674
43692 27740
43692 30595
43692 30998
43692 33760
43692 34041
43692 35955
43692 36164
43692 36192
43692 38244
43692 38571
43692 43505
43692 43633
43692 49642
43692 48190
43692 43721
43692 45639
43692 47059
43692 49846
15901 632
15901 747
15901 1313
15901 27674
15901 35955
15901 27515
15901 43692
15901 36164
36164 632
36164 747
36164 1313
36164 15901
36164 27515
36164 27674
36164 35955
36164 43692
21600 30926
21600 30776
21600 10030
21600 26601
21600 754
21600 9865
21600 44636
24517 1078
24517 50923
24517 12305
50923 24517
50923 26574
50923 1078
50923 12305
50923 2436
50923 34555
50923 28041
18286 13883
18286 14027
18286 45742
18286 18335
18286 21304
18286 29952
18286 19663
18286 21605
18286 21630
18286 30400
18286 43542
18286 27748
18286 21646
18286 43574
27748 13883
27748 18286
27748 21605
27748 21646
27748 43542
27748 43574
21630 14027
21630 18286
21630 18335
21630 19663
21630 21304
21630 21605
21630 45742
21630 29952
21630 30400
21630 43542
21630 46293
21605 1685
21605 5107
21605 13883
21605 14027
21605 15541
21605 18286
21605 18335
21605 19663
21605 21304
21605 45742
21605 29952
21605 21630
21605 30400
21605 43542
21605 21646
21605 36210
21605 27288
21605 36214
21605 46293
21605 27748
21605 43574
43574 13883
43574 18286
43574 21605
43574 21646
43574 27748
43574 43542
43542 13883
43542 14027
43542 18286
43542 18335
43542 19663
43542 21304
43542 21605
43542 21630
43542 21646
43542 27748
43542 29952
43542 30400
43542 45742
43542 43574
21367 711
21367 1127
21367 1187
21367 5108
21367 7452
21367 12400
21367 15279
21367 17043
21367 36222
21367 30020
21367 41895
711 36222
711 12400
711 30020
711 41895
711 21367
36222 711
36222 12400
36222 21367
36222 30020
36222 41895
12400 711
12400 36222
12400 30020
12400 41895
12400 21367
30020 711
30020 12400
30020 21367
30020 36222
30020 41895
41895 711
41895 12400
41895 21367
41895 30020
41895 36222
1132 47072
1132 552
1132 24606
1132 1413
1132 43285
1132 24504
1132 5454
1132 5109
1132 12243
1132 21751
1132 12063
1132 24670
1132 45702
24360 478
24360 38462
24360 1395
24360 1796
24360 47835
24360 12135
24360 21839
24360 27602
24360 38698
24360 40587
24360 4980
12193 43692
751 36163
751 27388
751 43676
751 15321
751 13889
751 27676
751 12329
751 40355
751 27784
751 1399
751 27283
36163 751
27388 751
27388 1164
27388 19512
27388 38485
27388 40276
27388 41901
27388 50250
43676 751
15321 751
13889 751
13889 36000
13889 47985
27676 751
27676 12329
27676 40355
27676 27784
12329 751
12329 27676
12329 40355
12329 27784
12329 40276
12329 8861
12329 24110
12329 29963
12329 21611
40355 751
40355 12329
40355 27676
40355 27784
27784 751
27784 12329
27784 27676
27784 40355
1399 751
27283 751
762 34027
762 30789
762 18267
30789 762
30789 18267
30789 34027
18267 762
18267 34027
18267 30789
5512 1128
5512 1339
5512 29933
5512 15568
5512 12247
5512 21851
5512 22072
5512 47777
5512 19479
5512 27397
5512 30780
5512 50239
5512 48044
5512 12128
5512 14033
5512 35029
5512 13839
5512 983
5512 900
5512 24497
5512 22033
881 24612
881 47080
881 34038
881 12084
881 45572
881 38229
881 24621
881 12085
881 19430
24612 881
47080 881
34038 881
12084 881
45572 881
38229 881
24621 881
12085 881
19430 881
15238 1528
15238 21901
1461 15815
1461 48071
1461 40173
1461 35838
15541 21605
15541 21646
994 48087
994 15484
994 8227
994 35019
994 15520
994 19490
994 36277
994 47834
994 30947
994 24300
994 47726
994 9779
994 10004
48087 994
48087 8227
48087 15484
48087 15520
48087 19490
48087 35019
48087 36277
48087 47834
15484 994
15484 8227
15484 24702
15484 50187
15484 8228
15484 48087
15484 35019
15484 15520
15484 19490
15484 36277
15484 47834
15484 36356
15484 10217
15484 562
15484 21753
8227 994
8227 48087
8227 15484
8227 35019
8227 15520
8227 19490
8227 36277
8227 47834
8227 24327
8227 36117
8227 21394
8227 19535
8227 5327
8227 26861
8227 19633
8227 38220
8227 21396
8227 21764
8227 8102
8227 29936
8227 38460
8227 30652
8227 5336
8227 15297
8227 47988
35019 994
35019 8227
35019 15484
35019 15520
35019 19490
35019 48087
35019 36277
35019 47834
15520 994
15520 8227
15520 15484
15520 48087
15520 35019
15520 19490
15520 36277
15520 47834
19490 994
19490 8227
19490 15484
19490 15520
19490 48087
19490 35019
19490 36277
19490 47834
36277 994
36277 8227
36277 15484
36277 15520
36277 19490
36277 35019
36277 48087
36277 47834
47834 994
47834 8227
47834 15484
47834 15520
47834 19490
47834 35019
47834 36277
47834 48087
30947 994
30947 9779
30947 10004
30947 24300
30947 47726
24300 994
24300 9779
24300 10004
24300 11890
24300 47061
24300 15388
24300 46797
24300 512
24300 50295
24300 10012
24300 27754
24300 13934
24300 15273
24300 43673
24300 30949
24300 9780
24300 12040
24300 21841
24300 9814
24300 5386
24300 47663
24300 48146
24300 1243
24300 10035
24300 40599
24300 9804
24300 33929
24300 30872
24300 8895
24300 24263
24300 11931
24300 35822
24300 15507
24300 24261
24300 30947
24300 47726
24300 1189
24300 8253
24300 35084
24300 48199
24300 5513
24300 9548
24300 5516
24300 48131
24300 10186
24300 34029
24300 27342
24300 29910
24300 12426
24300 27825
47726 994
47726 9779
47726 10004
47726 24300
47726 30947
9779 994
9779 30947
9779 24300
9779 47726
9779 10004
10004 994
10004 9779
10004 11890
10004 24300
10004 47061
10004 15388
10004 46797
10004 512
10004 27754
10004 43673
10004 30949
10004 9780
10004 12040
10004 21841
10004 9814
10004 5386
10004 47663
10004 48146
10004 1243
10004 10035
10004 40599
10004 9804
10004 33929
10004 30872
10004 8895
10004 24263
10004 11931
10004 35822
10004 15507
10004 24261
10004 30947
10004 47726
10004 50295
10004 1189
10004 8253
10004 35084
10004 48199
10004 5513
10004 48131
10004 10186
10004 34029
10004 27342
10004 29910
10004 12426
10004 27825
36192 12202
36192 19600
36192 43692
36192 50287
40394 45621
40394 8132
40394 15174
40394 30196
40394 35960
40394 23261
40394 8407
40394 5381
40394 4945
40394 21974
40394 29987
40394 40564
995 48914
995 1787
995 1641
995 24514
995 5805
995 36095
995 14861
995 24553
995 18192
995 43494
48914 995
1787 995
1641 995
24514 995
5805 995
36095 995
27685 1075
27685 5210
27685 19796
27685 38485
27685 41901
17542 50250
15800 50250
30572 1075
30572 5210
30572 19512
30572 19708
30572 19796
30572 30907
30572 38485
30572 40276
30572 41901
30572 50250
14861 995
24553 995
18192 995
43494 995
1040 24440
1040 9887
1040 36110
1040 24589
1040 31010
9887 1040
9887 24440
9887 36110
9887 24589
9887 31010
36110 1040
36110 9887
36110 24440
36110 24589
36110 31010
24589 1040
24589 9887
24589 24440
24589 36110
24589 31010
31010 1040
31010 9887
31010 24440
31010 24589
31010 36110
1075 24442
1075 41901
1075 19512
1075 38485
1075 5210
1075 19796
1075 50250
1075 30572
1075 40276
1075 1419
1075 5263
1075 27685
1075 43512
1075 35130
1075 27770
1075 24440
41901 1075
41901 5210
41901 19512
41901 19796
41901 24440
41901 38485
41901 24442
41901 12267
41901 1419
41901 27770
41901 45734
41901 4631
41901 19664
41901 34977
41901 30206
41901 19808
41901 27388
41901 30572
41901 50250
41901 24041
41901 1616
41901 41040
41901 24476
41901 30205
41901 21999
41901 36209
41901 38134
41901 565
41901 27685
41901 5263
41901 33000
41901 43512
41901 15316
41901 6930
41901 27175
41901 23941
41901 19304
41901 34917
41901 29517
41901 27084
41901 19404
41901 21188
41901 4761
41901 43638
41901 48136
41901 15645
41901 8898
41901 15920
41901 11841
41901 5084
41901 15613
41901 33963
41901 35130
41901 5221
41901 19816
41901 7990
41901 19749
41901 47886
41901 4605
41901 39667
41901 30042
41901 49643
41901 43361
41901 30445
41901 5278
19512 1075
19512 5210
19512 24442
19512 41901
19512 38485
19512 39667
19512 30205
19512 42011
19512 34977
19512 29277
19512 20063
19512 30206
19512 19808
19512 27388
19512 30572
19512 50250
19512 24041
19512 1616
19512 41040
19512 16923
19512 5594
19512 16348
19512 28971
19512 21999
19512 19796
19512 40276
19512 30043
19512 899
19512 21368
19512 30283
19512 33876
19512 24440
19512 47207
19512 4605
19512 21964
19512 30042
19512 48975
19512 25764
19512 43699
19512 14061
19512 19516
38485 1075
38485 5210
38485 19512
38485 19796
38485 24440
38485 24442
38485 41901
38485 30848
38485 1810
38485 21999
38485 19808
38485 1419
38485 27770
38485 45734
38485 4631
38485 19664
38485 40276
38485 30099
38485 43638
38485 30551
38485 24218
38485 34977
38485 30206
38485 27388
38485 30572
38485 50250
38485 24041
38485 1616
38485 41040
38485 24476
38485 30205
38485 12267
38485 27685
38485 5263
38485 14021
38485 5413
38485 19554
38485 34917
38485 29517
38485 19304
38485 27084
38485 19404
38485 21188
38485 43512
38485 35130
38485 5221
38485 19816
38485 40266
38485 30043
38485 47207
38485 4605
38485 21964
19796 1075
19796 5210
19796 19512
19796 1419
19796 41901
19796 38485
19796 27770
19796 45734
19796 4631
19796 19664
19796 40276
19796 30551
19796 24218
19796 24442
19796 50250
19796 30572
19796 5263
19796 27685
19796 43512
19796 35130
50250 1075
50250 5210
50250 19512
50250 19796
50250 38485
50250 40276
50250 41901
50250 36045
50250 15209
50250 8444
50250 4933
50250 12059
50250 1745
50250 30152
50250 4969
50250 24344
50250 17108
50250 21993
50250 40330
50250 21617
50250 1302
50250 12211
50250 48094
50250 17542
50250 30572
50250 27388
50250 49004
50250 38261
50250 15277
50250 17055
50250 40352
50250 15645
50250 24585
50250 15800
50250 5488
50250 12385
50250 15856
50250 5395
50250 1839
50250 24442
50250 24041
50250 11834
50250 46744
50250 5274
50250 44319
50250 10085
50250 8243
36209 5210
36209 41901
34977 19512
34977 38485
34977 40276
34977 41901
30205 19512
30205 38485
30205 40276
30205 41901
40276 1075
40276 5210
40276 12329
40276 19512
40276 19796
40276 38485
40276 30099
40276 43638
40276 19808
40276 1419
40276 27770
40276 45734
40276 30551
40276 24218
40276 21999
40276 8861
40276 21611
40276 24112
40276 24442
40276 50250
40276 30572
40276 34977
40276 30205
40276 30043
40276 47207
40276 4605
40276 27388
40276 21964
40276 24110
40276 29963
1419 1075
1419 5210
1419 19796
1419 38485
1419 40276
1419 41901
5263 1075
5263 5210
5263 19796
5263 38485
5263 41901
43512 1075
43512 5210
43512 19796
43512 38485
43512 41901
35130 1075
35130 5210
35130 19796
35130 38485
35130 41901
27770 1075
27770 5210
27770 19796
27770 38485
27770 40276
27770 41901
47207 19512
47207 38485
47207 40276
19808 5210
19808 19512
19808 38485
19808 40276
19808 41901
21999 19512
21999 38485
21999 40276
21999 41901
7990 5210
7990 41901
43288 36305
43288 19547
43288 21617
43288 5511
43288 33939
43288 48952
20485 2399
20485 2431
20485 3105
20485 6060
20485 11265
20485 17934
20485 33371
20485 28947
20485 43915
20485 23412
20485 49303
20485 44147
20485 49713
20485 42709
20485 37778
20485 23653
20485 23492
20485 40850
20485 37677
20485 49099
3105 2399
3105 2431
3105 11265
3105 28947
3105 20485
3105 17934
3105 43915
3105 49666
3105 35372
3105 6161
3105 17929
3105 49303
3105 7628
3105 7539
3105 37662
3105 42741
3105 25686
3105 50938
3105 46553
3105 20128
3105 6060
3105 40850
3105 37677
3105 49099
1127 1187
1127 17043
1127 21367
1187 1127
1187 27306
1187 4928
1187 27522
1187 27295
1187 43592
1187 17043
1187 21367
1187 24194
1187 30367
1187 12049
1187 21351
1187 18283
17043 1127
17043 1187
17043 21367
5211 1128
5211 30217
5211 50239
12249 1128
12249 30217
12249 50239
29933 1128
29933 5512
29933 12128
29933 12247
29933 15568
29933 19479
29933 21851
29933 22072
29933 27397
29933 47777
29933 30780
29933 50239
29933 48044
15568 1128
15568 1338
15568 1339
15568 5512
15568 12128
15568 12247
15568 30338
15568 27608
15568 38517
15568 45596
15568 24643
15568 29933
15568 21851
15568 22072
15568 47777
15568 19479
15568 27397
15568 30780
15568 50239
15568 48044
15568 1328
12247 1128
12247 5512
12247 12128
12247 29933
12247 15568
12247 21851
12247 22072
12247 47777
12247 19479
12247 27397
12247 30780
12247 50239
12247 48044
21851 1128
21851 5512
21851 12128
21851 12247
21851 15568
21851 19479
21851 29933
21851 22072
21851 47777
21851 27397
21851 30780
21851 50239
21851 48044
22072 1128
22072 5512
22072 12128
22072 12247
22072 15568
22072 19479
22072 21851
22072 29933
22072 47777
22072 27397
22072 30780
22072 50239
22072 48044
47777 1128
47777 5512
47777 12128
47777 12247
47777 12353
47777 15568
47777 19479
47777 21851
47777 22072
47777 27397
47777 29933
47777 30778
47777 30780
47777 47694
47777 50239
47777 48044
47777 48040
47777 38448
47777 15364
47777 21299
47777 21720
47777 1694
47777 8095
47777 1898
47777 29970
47777 27804
47777 33853
47777 30098
47777 15562
47777 27309
47777 621
47777 30822
47777 5144
47777 43503
47777 47990
19479 1128
19479 5512
19479 12128
19479 12247
19479 15568
19479 29933
19479 21851
19479 22072
19479 47777
19479 27397
19479 30780
19479 50239
19479 48044
27397 1128
27397 5512
27397 12128
27397 12247
27397 15568
27397 19479
27397 21851
27397 22072
27397 29933
27397 47777
27397 30780
27397 50239
27397 48044
30780 1128
30780 5512
30780 12128
30780 12247
30780 15568
30780 19479
30780 21851
30780 22072
30780 27397
30780 29933
30780 47777
30780 50239
30780 48044
30780 12141
30780 33961
30780 48922
30780 15364
30780 1711
30780 734
30780 1818
30780 12119
30780 5245
30780 8822
30780 21309
30780 12278
30780 12059
30780 1820
30780 30213
30780 1694
30780 5099
30780 38315
30780 41923
30780 24673
30780 21409
30780 9633
48044 1128
48044 5512
48044 12128
48044 12247
48044 15568
48044 19479
48044 21851
48044 22072
48044 27397
48044 29933
48044 30780
48044 47777
48044 50239
48128 1128
48128 22033
48128 50239
22033 1128
22033 1339
22033 5512
22033 12251
22033 21259
22033 48128
22033 50239
22033 9897
22033 19627
22033 24497
22033 35029
22033 13839
22033 983
22033 900
22033 30217
22033 49032
22033 1532
22033 36195
22033 1158
24497 1128
24497 1527
24497 5512
24497 19625
24497 22033
38155 1128
20940 1128
35029 1128
35029 5512
35029 22033
35029 30217
43715 1128
43715 10128
35953 1128
43699 1128
43699 19512
15237 1128
22011 1128
38564 1128
38564 1164
38564 38522
21292 1128
21292 1164
21292 36000
15624 1128
19623 1128
24453 1128
15636 1128
21269 1128
34065 1128
12345 1128
30125 1128
43155 1128
27406 1128
15861 1128
900 1339
900 5512
900 12251
900 21259
900 22033
900 50239
38522 1128
38522 1164
38522 11981
38522 50228
38522 13913
38522 13899
38522 50185
38522 19659
38522 19364
38522 50074
38522 11741
38522 221
38522 47617
38522 19703
38522 38564
38522 24267
38522 30824
38522 30147
38522 12007
38522 30958
38522 27510
38522 9964
38522 27604
38522 5383
38522 21927
38522 12148
38522 48090
21257 1128
17031 1128
43287 1128
19744 1128
24061 1128
24061 47985
13824 1128
38563 1128
983 5512
983 22033
47072 1132
552 1132
552 19634
552 21752
552 24520
24606 1132
1413 1132
43285 1132
24504 1132
5454 1132
5109 1132
12243 1132
21751 1132
12063 1132
24670 1132
45702 1132
15815 1461
1162 20700
1162 48139
1162 520
1162 1156
1162 40128
1162 12218
1162 24548
1162 36304
1162 5435
1162 5296
48139 1162
520 1162
1156 1162
40128 1162
12218 1162
24548 1162
36304 1162
5435 1162
5296 1162
5296 47985
1164 43398
1164 49054
1164 15645
1164 27281
1164 15856
1164 15277
1164 27388
1164 48941
1164 15826
1164 21292
1164 47712
1164 50252
1164 38564
1164 38522
1164 50228
1164 19659
1164 43502
1164 47268
1164 30082
1164 15356
1164 27636
1164 22084
1164 24346
1164 36319
1164 603
1164 33768
1164 47785
1164 47884
1164 5473
1164 48891
1164 13650
1164 34046
1164 15884
1164 50232
1164 12148
1164 48090
38244 12128
38244 19486
38244 27346
38244 30595
38244 49642
38244 43692
15753 1527
15753 8856
15753 38635
15753 24625
15753 17083
15753 5012
15753 27477
15753 27557
43398 1164
49054 1164
15645 1164
15645 41901
15645 50250
27281 1164
15856 1164
15856 50250
15277 1164
15277 50250
48941 1164
15826 1164
47712 1164
50252 1164
50228 1164
50228 38522
19659 1164
19659 38522
19659 48043
43502 1164
47268 1164
30082 1164
15356 1164
27636 1164
22084 1164
24346 1164
36319 1164
603 1164
33768 1164
47785 1164
47884 1164
5473 1164
5473 38389
48891 1164
13650 1164
34046 1164
15884 1164
50232 1164
21617 43288
21617 50250
12148 1164
12148 38522
48090 1164
48090 38522
1175 11972
1175 38610
1175 21427
1175 11918
1175 21535
11972 1175
11972 38592
11972 9877
11972 21652
11972 834
11972 38610
11972 21427
11972 11918
11972 21535
11972 21709
11972 4976
11972 21386
11972 1198
11972 30384
11972 40179
11972 30661
11972 21359
11972 1272
11972 45488
38610 1175
38610 11972
38610 30384
38610 45207
38610 45478
38610 4994
38610 21427
38610 11918
38610 21535
38610 38673
38610 21386
38610 21709
38610 4976
38610 1198
38610 40179
38610 30661
38610 21359
38610 1272
38610 45488
21427 1175
21427 11972
21427 38610
11918 1175
11918 11972
11918 30384
11918 38610
11918 38673
21535 1175
21535 11972
21535 30384
21535 38610
21535 38673
21709 11972
21709 30384
21709 38610
30384 11972
30384 38610
30384 11918
30384 21535
30384 38673
30384 45207
30384 45478
30384 4994
30384 21386
30384 21709
30384 4976
30384 1198
38673 30384
38673 38610
38673 11918
38673 21535
38673 45207
38673 45478
38673 4994
38673 21386
38592 11972
38592 9877
38592 21652
38592 834
9873 1339
9873 43178
9873 24359
30166 40614
30166 36051
30166 30605
27306 1187
4928 1187
27522 1187
27295 1187
43592 1187
24194 1187
30367 1187
12049 1187
21351 1187
18283 1187
30595 10032
30595 12128
30595 15906
30595 19668
30595 24520
30595 49642
30595 38244
30595 43692
30595 30992
30595 43489
24520 10032
24520 19668
24520 30595
24520 15468
24520 24580
24520 552
24520 18347
24520 39540
24520 18257
1288 20700
1288 26218
1288 38355
1288 14753
1288 41323
1288 16221
1288 7411
1288 8697
1288 46746
1288 21443
1288 32187
1288 40460
1288 37293
1288 44808
1288 46833
26218 1288
26218 7411
26218 8697
26218 14753
26218 16221
26218 20700
26218 21443
26218 38355
26218 41323
26218 46746
26218 32187
26218 40460
26218 37293
26218 44808
26218 46833
38355 1288
38355 7411
38355 8697
38355 14753
38355 16221
38355 20700
38355 21443
38355 26218
38355 32187
38355 37293
38355 41323
38355 46746
38355 40460
38355 44808
38355 46833
14753 1288
14753 7411
14753 8697
14753 20700
14753 26218
14753 38355
14753 41323
14753 16221
14753 46746
14753 21443
14753 32187
14753 40460
14753 37293
14753 44808
14753 46833
41323 1288
41323 7411
41323 8697
41323 14753
41323 16221
41323 20700
41323 21443
41323 26218
41323 32187
41323 37293
41323 38355
41323 40460
41323 46746
41323 44808
41323 46833
16221 1288
16221 7411
16221 8697
16221 14753
16221 20700
16221 26218
16221 38355
16221 41323
16221 46746
16221 21443
16221 32187
16221 40460
16221 37293
16221 44808
16221 46833
7411 1288
7411 20700
7411 26218
7411 38355
7411 14753
7411 41323
7411 16221
7411 8697
7411 46746
7411 21443
7411 32187
7411 40460
7411 37293
7411 44808
7411 46833
8697 1288
8697 7411
8697 20700
8697 26218
8697 38355
8697 14753
8697 41323
8697 16221
8697 46746
8697 21443
8697 32187
8697 40460
8697 37293
8697 44808
8697 46833
46746 1288
46746 7411
46746 8697
46746 14753
46746 16221
46746 20700
46746 21443
46746 26218
46746 32187
46746 37293
46746 38355
46746 40460
46746 41323
46746 44808
46746 46833
21443 1288
21443 7411
21443 8697
21443 14753
21443 16221
21443 20700
21443 26218
21443 38355
21443 41323
21443 46746
21443 32187
21443 40460
21443 37293
21443 44808
21443 46833
32187 1288
32187 7411
32187 8697
32187 14753
32187 16221
32187 20700
32187 21443
32187 26218
32187 38355
32187 41323
32187 46746
32187 40460
32187 37293
32187 44808
32187 46833
40460 1288
40460 7411
40460 8697
40460 14753
40460 16221
40460 20700
40460 21443
40460 26218
40460 32187
40460 37293
40460 38355
40460 41323
40460 46746
40460 44808
40460 46833
37293 1288
37293 7411
37293 8697
37293 14753
37293 16221
37293 20700
37293 21443
37293 26218
37293 32187
37293 38355
37293 41323
37293 46746
37293 40460
37293 44808
37293 46833
44808 1288
44808 7411
44808 8697
44808 14753
44808 16221
44808 20700
44808 21443
44808 26218
44808 32187
44808 37293
44808 38355
44808 40460
44808 41323
44808 46746
44808 46833
46833 1288
46833 7411
46833 8697
46833 14753
46833 16221
46833 20700
46833 21443
46833 26218
46833 32187
46833 37293
46833 38355
46833 40460
46833 41323
46833 44808
46833 46746
1338 7970
1338 1328
1338 15568
1338 45596
1338 24458
1338 1157
1338 46802
1338 5316
1338 45198
1338 13033
1338 32053
1338 48040
1338 30778
7970 1338
7970 1339
7970 50239
1328 1338
1328 15568
45596 1338
45596 1339
45596 15568
24458 1338
1157 1338
1157 1502
46802 1338
5316 1338
45198 1338
1502 1157
1502 47699
1502 43619
13033 1338
13033 30778
13033 48040
32053 1338
32053 30778
32053 48040
48040 1338
48040 12353
48040 30778
48040 47694
48040 47777
48040 38448
48040 15364
48040 21299
48040 21720
48040 1694
48040 43503
48040 47990
48040 13033
48040 32053
30778 1338
30778 12353
30778 941
30778 30035
30778 7895
30778 1818
30778 38660
30778 5232
30778 15523
30778 1694
30778 24097
30778 47759
30778 48040
30778 38448
30778 47777
30778 15364
30778 21299
30778 21720
30778 12119
30778 47694
30778 43503
30778 47990
30778 734
30778 5245
30778 21309
30778 1820
30778 5114
30778 13033
30778 32053
21259 12251
21259 900
21259 22033
21259 50239
21259 1158
43252 36089
43252 45590
43619 1502
21606 1339
36051 30166
5066 12202
5066 43692
5066 45639
1339 7970
1339 15568
1339 30338
1339 27608
1339 38517
1339 45596
1339 24643
1339 9873
1339 43178
1339 24359
1339 5512
1339 12128
1339 1532
1339 900
1339 22033
1339 36195
1339 1503
1339 1158
1339 21606
1339 43631
30338 1339
30338 15568
27608 1339
27608 15568
38517 1339
38517 15568
24643 1339
24643 15568
43178 1339
43178 9873
24359 1339
24359 9873
1532 1339
1532 22033
36195 1339
36195 22033
1503 1339
1158 1339
1158 12251
1158 21259
1158 22033
1158 50239
43631 1339
14033 5512
14033 12128
14033 50239
48071 1461
48071 40173
40173 1461
40173 48071
35838 1461
24074 19634
24074 47967
24074 1657
24074 15859
24074 5330
24074 19706
24074 20195
11838 10140
11838 47693
11838 15660
11838 5416
11838 43307
11838 30806
11838 47843
11838 15832
11838 15792
11838 24510
11838 19748
11838 1351
11838 21752
11838 15401
11838 24684
11838 35964
11838 24273
11838 45590
11838 24073
11838 24034
11838 1645
11838 5110
11838 15582
11838 15486
11838 50906
36278 35888
36278 19566
36278 41898
36278 10109
36278 30926
36278 14043
36278 15731
21752 11838
21752 19634
21752 33846
21752 552
21752 38588
21752 51018
21752 34992
21752 1703
21752 30770
21752 40248
21752 36374
21752 48010
21752 18303
21752 15792
21752 24510
21752 19748
21752 1351
21752 15401
21752 12397
21752 12506
21752 50254
21752 12074
21752 697
21752 43170
21752 30766
21752 30613
21752 799
21752 15832
21752 21858
30907 15387
30907 40323
30907 24562
30907 40600
30907 30331
30907 15609
30907 45632
30907 11911
30907 18357
30907 30748
30907 21805
30907 47903
30907 1780
30907 11895
30907 8109
30907 12093
30907 24112
30907 29963
30907 24506
30907 35017
30907 19866
30907 15828
30907 43216
30907 19628
30907 12139
30907 19453
30907 30854
30907 30572
30907 46752
30907 19727
30907 19754
30907 24269
47699 1502
1527 24677
1527 27647
1527 15288
1527 1038
1527 15637
1527 24497
1527 27635
1527 24625
1527 5012
1527 748
1527 17086
1527 38635
1527 17083
1527 8856
1527 27477
1527 15753
1527 27557
1527 43164
1527 35926
1527 36155
1527 21972
1527 9802
1527 27546
1527 12254
1527 45670
1527 30295
1527 21546
1527 38638
1527 12422
1527 44399
1527 21260
1527 21673
1527 661
1527 15601
1527 1749
1527 5450
1527 50150
1527 38310
1527 8032
1527 17095
24677 1527
27647 1527
15288 1527
1038 1527
15637 1527
27635 1527
27635 8856
24625 1527
24625 8032
24625 8856
24625 15753
5012 1527
5012 8856
5012 15753
748 1527
748 27523
17086 1527
38635 1527
38635 8856
38635 15753
38635 27523
17083 1527
17083 8856
17083 15753
8856 1527
8856 1361
8856 50221
8856 37348
8856 9651
8856 47689
8856 7981
8856 44400
8856 1054
8856 1793
8856 33974
8856 17083
8856 38635
8856 24625
8856 5012
8856 27477
8856 15753
8856 27557
8856 27635
8856 21546
8856 38638
8856 12422
8856 44399
8856 21260
8856 21673
8856 661
8856 15601
8856 1749
8856 5450
8856 50150
8856 38310
8856 19740
8856 38671
8856 30023
8856 43201
8856 38363
27477 1527
27477 8856
27477 15753
27557 1527
27557 8856
27557 15753
43164 1527
35926 1527
36155 1527
21972 1527
9802 1527
27546 1527
12254 1527
45670 1527
30295 1527
21546 1527
21546 8032
21546 8856
38638 1527
38638 8032
38638 8856
12422 1527
12422 8032
12422 8856
44399 1527
44399 8856
21260 1527
21260 8032
21260 8856
21673 1527
21673 8856
661 1527
661 8856
15601 1527
15601 8856
1749 1527
1749 8856
5450 1527
5450 8856
50150 1527
50150 8856
38310 1527
38310 8032
38310 8856
8032 1527
8032 21546
8032 38638
8032 12422
8032 21260
8032 24625
8032 17095
8032 38310
17095 1527
17095 8032
27766 27523
34041 8897
34041 9052
34041 15784
34041 15906
34041 16575
34041 17947
34041 44172
34041 44111
34041 44203
34041 43633
34041 43505
34041 43692
24640 40230
24640 30746
24640 30619
24640 18301
24640 17328
24640 47238
47794 27415
47794 36218
47794 50291
47794 5213
27523 33986
27523 38635
27523 27766
27523 748
27523 21754
27523 7920
27523 38217
27523 7858
27523 30361
27523 15598
27523 12099
27523 47708
27523 40644
27523 9749
27523 29983
27523 50136
27523 35883
27523 18197
27523 24115
27523 47707
1528 15281
1528 15825
1528 21901
1528 15238
15281 1528
15281 27268
15825 1528
21901 1528
21901 15238
1573 8262
1573 34027
1573 19527
1573 18184
1573 30774
1573 47942
8262 1573
8262 34027
8262 19527
8262 18184
8262 30774
8262 47942
19527 1573
19527 8262
19527 18184
19527 34027
19527 30774
19527 47942
18184 1573
18184 8262
18184 34027
18184 19527
18184 30774
18184 47942
30774 1573
30774 8262
30774 18184
30774 19527
30774 34027
30774 47942
47942 1573
47942 8262
47942 18184
47942 19527
47942 30774
47942 34027
1685 36013
1685 36210
1685 43722
1685 36214
1685 27288
1685 21605
1685 21646
1685 36213
36013 1685
36013 36210
36013 36214
36210 1685
36210 21605
36210 21646
36210 27288
36210 36013
36210 43722
36210 36214
36210 48148
36210 50280
43722 1685
43722 36210
43722 36214
36214 1685
36214 21605
36214 21646
36214 27288
36214 36210
36214 36013
36214 43722
27288 1685
27288 21605
27288 21646
27288 36210
27288 36214
27288 12267
21646 1685
21646 5107
21646 13883
21646 15541
21646 18286
21646 21605
21646 36210
21646 27288
21646 36214
21646 46293
21646 27748
21646 43542
21646 43574
36213 1685
1692 12288
1692 48043
1692 30876
1692 24500
12288 1692
12288 48043
12288 30876
12288 24500
48043 1692
48043 12288
48043 24500
48043 30876
48043 5372
48043 40377
48043 10033
48043 19659
48043 5228
48043 4887
48043 38388
48043 38496
48043 13804
48043 12233
48043 38657
48043 619
48043 11912
30876 1692
30876 12288
30876 24500
30876 48043
24500 1692
24500 12288
24500 48043
24500 30876
562 15484
12202 5066
12202 33760
12202 43692
12202 18264
12202 36192
12202 45639
51218 26601
51218 6586
51218 33576
51218 45979
51218 5837
51218 23302
51218 23183
51218 46555
51218 43891
51218 44636
26601 21600
26601 30926
26601 30776
26601 10030
26601 754
26601 9865
26601 44636
26601 28698
26601 49161
26601 30222
26601 1320
26601 51218
26601 32032
26601 18836
26601 6586
26601 33576
26601 45979
26601 5837
26601 23302
26601 23183
26601 46555
26601 43891
26601 3285
26601 9006
26601 8367
26601 3470
26601 34293
1989 36883
1989 43880
1989 20093
36883 1989
36883 20093
36883 43880
43880 1989
43880 20093
43880 36883
43880 13080
43880 2752
20093 1989
20093 36883
20093 43880
2034 20570
2034 25031
2034 29102
20570 2034
20570 4091
20570 8963
20570 26593
20570 34579
20570 33554
20570 23001
20570 25031
20570 29102
25031 2034
25031 20570
25031 29102
29102 2034
29102 20570
29102 25031
34602 50928
34602 50938
2053 7628
7628 2053
7628 2431
7628 3105
7628 6161
7628 7539
7628 20025
7628 49666
7628 35372
7628 17929
7628 49303
7628 37662
7628 45108
7628 42741
7628 25686
7628 50938
7628 46553
7628 20128
2805 23307
2805 37767
2805 11456
2805 20571
2805 17438
2805 17603
20128 2431
20128 3105
20128 6161
20128 7539
20128 7628
20128 17929
20128 37662
20128 35372
20128 42741
20128 25686
20128 50938
20128 49666
20128 46553
20128 49303
20128 3940
20128 49236
20128 16579
20128 50540
20128 7631
20128 19911
20128 26129
20128 6986
20419 16022
48626 49451
48785 5912
48785 48610
48785 36038
48785 21471
48785 50198
48785 44946
48785 30655
48785 5324
48785 27776
48785 10184
48785 40391
48785 21883
48785 15631
48785 5196
48785 30173
48785 2111
48785 29128
48785 48524
48785 44153
23653 8418
23653 17934
23653 20485
23653 22503
23653 23492
23653 42709
23653 47378
23653 45930
23653 44147
23653 49713
23653 37778
23653 28947
17934 2399
17934 2431
17934 3105
17934 6060
17934 11265
17934 33371
17934 20485
17934 28947
17934 43915
17934 23653
17934 44147
17934 49713
17934 42709
17934 37778
17934 23492
17934 34561
17934 41740
17934 40820
17934 40850
17934 37677
17934 49099
17934 49303
37805 8938
37805 34869
37805 44046
37805 39182
2399 11265
2399 28947
2399 20485
2399 3105
2399 17934
2399 43915
2399 23412
11265 2399
11265 2431
11265 3105
11265 6060
11265 33371
11265 20485
11265 17934
11265 28947
11265 43915
11265 40850
11265 37677
11265 49099
11265 49303
28947 2399
28947 3105
28947 8982
28947 11265
28947 13201
28947 17934
28947 20485
28947 23412
28947 23492
28947 23653
28947 43915
28947 42709
28947 44147
28947 49713
28947 37778
23412 2399
23412 20485
23412 28947
23412 43915
35372 2431
35372 3105
35372 6161
35372 7539
35372 7628
35372 17929
35372 20128
35372 25686
35372 49666
35372 49303
35372 37662
35372 42741
35372 50938
35372 46553
49099 2431
49099 3105
49099 6060
49099 11265
49099 17934
49099 20485
49099 37677
49099 40850
49099 49303
49303 2431
49303 3105
49303 6060
49303 6161
49303 7539
49303 7628
49303 11265
49303 17929
49303 17934
49303 20128
49303 20485
49303 25686
49303 35372
49303 37662
49303 37677
49303 40850
49303 42741
49303 46553
49303 49099
49303 49666
49303 50938
2431 49666
2431 35372
2431 20485
2431 3105
2431 6161
2431 17929
2431 49303
2431 7628
2431 37662
2431 7539
2431 42741
2431 25686
2431 50938
2431 46553
2431 20128
2431 6060
2431 40850
2431 37677
2431 11265
2431 17934
2431 49099
49666 2431
49666 3105
49666 6161
49666 7539
49666 7628
49666 17929
49666 20128
49666 25686
49666 35372
49666 37662
49666 42741
49666 46553
49666 49303
49666 50938
6161 2431
6161 3105
6161 49666
6161 35372
6161 17929
6161 49303
6161 7628
6161 37662
6161 7539
6161 42741
6161 25686
6161 50938
6161 46553
6161 20128
17929 2431
17929 3105
17929 6161
17929 7539
17929 7628
17929 49666
17929 35372
17929 49303
17929 37662
17929 42741
17929 25686
17929 50938
17929 46553
17929 20128
37662 2431
37662 3105
37662 6161
37662 7539
37662 7628
37662 17929
37662 20128
37662 25686
37662 35372
37662 49666
37662 49303
37662 42741
37662 50938
37662 46553
7539 2431
7539 3105
7539 6161
7539 37662
7539 35372
7539 42741
7539 25686
7539 50938
7539 17929
7539 49666
7539 46553
7539 49303
7539 20128
7539 7628
42741 2431
42741 3105
42741 6161
42741 7539
42741 7628
42741 17929
42741 20128
42741 25686
42741 35372
42741 37662
42741 50938
42741 49666
42741 46553
42741 49303
25686 2431
25686 3105
25686 6161
25686 7539
25686 7628
25686 17929
25686 20128
25686 37662
25686 35372
25686 42741
25686 50938
25686 49666
25686 46553
25686 49303
50938 2431
50938 3105
50938 6161
50938 7539
50938 7628
50938 17929
50938 20128
50938 25686
50938 34602
50938 35372
50938 37662
50938 42741
50938 46553
50938 49303
50938 49666
50938 50928
46553 2431
46553 3105
46553 6161
46553 7539
46553 7628
46553 17929
46553 20128
46553 25686
46553 35372
46553 37662
46553 42741
46553 50938
46553 49666
46553 49303
6060 2431
6060 3105
6060 40850
6060 37677
6060 11265
6060 17934
6060 49099
6060 49303
6060 20485
40850 2431
40850 3105
40850 6060
40850 11265
40850 17934
40850 20485
40850 37677
40850 49099
40850 49303
37677 2431
37677 3105
37677 5538
37677 6060
37677 11265
37677 11551
37677 12343
37677 14347
37677 17481
37677 17934
37677 20485
37677 28105
37677 48481
37677 40850
37677 49099
37677 49303
29136 9160
29136 48794
29136 23449
23460 16105
23460 4341
23460 2026
44165 46169
44165 8575
44165 31729
44165 47503
44165 2826
44165 8744
44165 22679
44165 14691
44165 14704
44165 17246
44165 32406
44165 8576
44165 14705
44165 14692
44165 48676
44165 33325
44165 49140
44165 46224
44165 49466
31839 5839
31839 8951
31839 23405
31839 28473
31839 31589
31839 31963
5839 31839
5839 23405
5839 28473
5839 8951
5839 31589
5839 31963
2720 23405
2720 10485
2720 28473
2720 8951
2720 11244
2720 37862
2720 31589
2720 8771
2720 10815
2720 34494
10485 2720
10485 8771
10485 8951
10485 23405
10485 28473
10485 11244
10485 37862
10485 31589
10485 10815
10485 34494
28473 2720
28473 5839
28473 8771
28473 8951
28473 10485
28473 10815
28473 11244
28473 11401
28473 23405
28473 32094
28473 37862
28473 31589
28473 34494
28473 31839
28473 31963
11244 2720
11244 8771
11244 8951
11244 10485
11244 10815
11244 23405
11244 37862
11244 35361
11244 11401
11244 28473
11244 31589
11244 34494
37862 2720
37862 8771
37862 8951
37862 10485
37862 10815
37862 11244
37862 11401
37862 23405
37862 28473
37862 31589
37862 32094
37862 34494
37862 35361
37862 35368
37862 37872
31589 2720
31589 5839
31589 8771
31589 8951
31589 10485
31589 10815
31589 11244
31589 23405
31589 28473
31589 37862
31589 34494
31589 31839
31589 31963
8771 2720
8771 23405
8771 10485
8771 28473
8771 8951
8771 11244
8771 37862
8771 31589
8771 10815
8771 34494
10815 2720
10815 8771
10815 8951
10815 10485
10815 23405
10815 28473
10815 11244
10815 37862
10815 31589
10815 34494
34494 2720
34494 8771
34494 8951
34494 10485
34494 10815
34494 11244
34494 23405
34494 28473
34494 31589
34494 37862
11401 8951
11401 11244
11401 23405
11401 37872
11401 37862
11401 35368
11401 35361
11401 32094
11401 28473
2762 32408
2762 11103
2762 8306
2762 20700
32408 2762
32408 8306
32408 11103
32408 20700
11103 2762
11103 8306
11103 32408
11103 20700
8306 2762
8306 32408
8306 11103
8306 20700
23307 2805
37767 2805
11456 2805
20571 2805
17438 2805
17603 2805
2821 25257
2821 17619
2821 6704
2821 13454
2821 6084
2821 23029
25257 2821
25257 6084
25257 6704
25257 13454
25257 17619
25257 23029
25257 11432
25257 37697
25257 49384
25257 17607
25257 2092
25257 37781
25257 4566
17619 2821
17619 6084
17619 6704
17619 13454
17619 25257
17619 23029
6704 2821
6704 6084
6704 25257
6704 17619
6704 13454
6704 23029
13454 2821
13454 6084
13454 6704
13454 25257
13454 17619
13454 23029
6084 2821
6084 25257
6084 17619
6084 6704
6084 13454
6084 23029
23029 2821
23029 6084
23029 6704
23029 13454
23029 17619
23029 25257
23447 35861
23447 14000
23447 21338
23447 30148
23447 35783
23447 11481
23447 13911
23447 10095
23447 43241
23447 21531
23447 44134
23447 27671
23447 11984
23447 27639
23447 4465
48681 11332
48681 39012
48681 2426
48681 25106
48681 39782
48681 23302
48681 17191
48681 33510
48681 23099
48681 20268
48681 37627
48681 20182
48681 46914
48681 50909
48681 32390
48681 20136
48681 36532
48681 31619
48681 49452
48681 48488
48681 50630
49127 20427
49127 22711
49127 27829
27228 35366
27228 10621
27228 40959
27228 45961
3123 29055
29055 3123
29055 46382
3181 7614
3181 42709
7614 3181
7614 42709
42709 3181
42709 7614
42709 8418
42709 17934
42709 20485
42709 22503
42709 23492
42709 23653
42709 28947
42709 37778
42709 47378
42709 45930
42709 44147
42709 49713
34604 49391
34604 42348
34604 20064
34604 46169
34604 3535
34604 17888
34604 16638
34604 14554
34604 36917
34604 10732
34604 8579
3236 35532
3236 20700
3236 6487
3236 49165
3236 22777
3236 46943
3236 41227
3236 36915
3236 10327
3236 34343
3236 13567
3236 34398
3236 22421
3236 36639
3236 22695
3236 39081
35532 3236
28971 19512
6487 3236
6487 20700
6487 49165
6487 22777
6487 46943
6487 41227
6487 36915
6487 10327
6487 34343
6487 13567
6487 34398
6487 22421
6487 36639
6487 22695
6487 39081
49165 3236
49165 6487
49165 10327
49165 13567
49165 20700
49165 22421
49165 22695
49165 22777
49165 34343
49165 34398
49165 36639
49165 36915
49165 39081
49165 41227
49165 46943
22777 3236
22777 6487
22777 10327
22777 13567
22777 20700
22777 22421
22777 22695
22777 49165
22777 46943
22777 41227
22777 36915
22777 34343
22777 34398
22777 36639
22777 39081
46943 3236
46943 6487
46943 10327
46943 13567
46943 20700
46943 22421
46943 22695
46943 22777
46943 34343
46943 34398
46943 36639
46943 36915
46943 39081
46943 41227
46943 49165
41227 3236
41227 6487
41227 10327
41227 13567
41227 20700
41227 22421
41227 22695
41227 22777
41227 34343
41227 34398
41227 36639
41227 36915
41227 39081
41227 49165
41227 46943
36915 3236
36915 6487
36915 10327
36915 13567
36915 20700
36915 22421
36915 22695
36915 22777
36915 34343
36915 34398
36915 36639
36915 49165
36915 46943
36915 41227
36915 39081
10327 3236
10327 6487
10327 20700
10327 49165
10327 22777
10327 46943
10327 41227
10327 36915
10327 34343
10327 13567
10327 34398
10327 22421
10327 36639
10327 22695
10327 39081
34343 3236
34343 6487
34343 10327
34343 13567
34343 20700
34343 22421
34343 22695
34343 22777
34343 49165
34343 46943
34343 41227
34343 36915
34343 34398
34343 36639
34343 39081
13567 3236
13567 6487
13567 10327
13567 20700
13567 49165
13567 22777
13567 46943
13567 41227
13567 36915
13567 34343
13567 34398
13567 22421
13567 36639
13567 22695
13567 39081
34398 3236
34398 6487
34398 10327
34398 13567
34398 20700
34398 22421
34398 22695
34398 22777
34398 34343
34398 49165
34398 46943
34398 41227
34398 36915
34398 36639
34398 39081
22421 3236
22421 6487
22421 10327
22421 13567
22421 20700
22421 49165
22421 22777
22421 46943
22421 41227
22421 36915
22421 34343
22421 34398
22421 36639
22421 22695
22421 39081
36639 3236
36639 6487
36639 10327
36639 13567
36639 20700
36639 22421
36639 22695
36639 22777
36639 34343
36639 34398
36639 49165
36639 46943
36639 41227
36639 36915
36639 39081
22695 3236
22695 6487
22695 10327
22695 13567
22695 20700
22695 22421
22695 49165
22695 22777
22695 46943
22695 41227
22695 36915
22695 34343
22695 34398
22695 36639
22695 39081
39081 3236
39081 6487
39081 10327
39081 13567
39081 20700
39081 22421
39081 22695
39081 22777
39081 34343
39081 34398
39081 36639
39081 36915
39081 49165
39081 46943
39081 41227
32390 48681
20136 48681
44215 17819
44193 49671
17415 34871
17415 13166
17415 26482
17415 35400
17415 25267
17415 7433
17415 18183
17415 13556
37748 17710
37748 44083
37748 49224
37748 49585
37748 42429
37748 48753
37748 16678
37748 32567
37748 43929
37748 37749
3532 17911
3532 26664
3532 31484
3532 42712
3532 13166
3532 48471
3532 3142
3532 25567
3532 23729
3532 16092
3532 25349
17911 3532
26664 3532
31484 3532
23083 16055
23083 26501
23083 13166
23083 42712
23083 34871
23083 25267
23083 35400
23083 50709
23083 51253
23083 26482
23083 35349
23083 3491
23083 20621
23083 7433
23083 5919
25267 11599
25267 17415
25267 23083
25267 49385
25267 34871
25267 42712
25267 7433
25267 3491
25267 26482
25267 20621
25267 35400
25267 13556
25267 13166
34871 11599
34871 17415
34871 20740
34871 23083
34871 25267
34871 29016
34871 35398
34871 42712
34871 35400
34871 13166
34871 26482
34871 3491
34871 20621
34871 7433
34871 26019
34871 18183
34871 26501
42712 3532
42712 17683
42712 20740
42712 23083
42712 25267
42712 29016
42712 34871
42712 35398
42712 13166
42712 35400
42712 26482
42712 3491
42712 20621
42712 7433
42712 50544
42712 25349
17683 7123
17683 11599
17683 50544
17683 33199
17683 20740
17683 51057
17683 20829
17683 23353
17683 27928
17683 45028
17683 50709
17683 42712
13368 26487
13368 17414
13368 14258
13166 3532
13166 17415
13166 20740
13166 23083
13166 25267
13166 29016
13166 34871
13166 42712
13166 50709
48471 3532
16055 23083
3142 3532
3142 50709
25567 3532
23729 3532
16092 3532
25349 3532
25349 42712
48481 5538
48481 11551
48481 12343
48481 14347
48481 17481
48481 28105
48481 37677
48481 34729
48481 13535
48481 9173
48481 48669
11551 5538
11551 28105
11551 48481
11551 34729
11551 14347
11551 13535
11551 17481
11551 9173
11551 37677
11551 12343
11551 48669
34729 11551
34729 14347
34729 17481
34729 28105
34729 48481
28105 5538
28105 11551
28105 12343
28105 14347
28105 17481
28105 48481
28105 34729
28105 13535
28105 9173
28105 49654
28105 50741
28105 2873
28105 20131
28105 37677
28105 7079
28105 28364
28105 32150
14347 5538
14347 11551
14347 12343
14347 28105
14347 48481
14347 34729
14347 13535
14347 17481
14347 9173
14347 33265
14347 44182
14347 33425
14347 29112
14347 37677
20268 48681
36532 48681
31619 48681
37545 49280
37545 10553
37545 49819
37545 42399
47697 36000
47697 47985
9840 36000
9840 47985
49161 26601
49161 32032
49161 28698
49161 30222
49161 44636
49161 1320
49161 26599
49161 18836
26599 49161
43932 33571
43932 20763
43932 35408
43932 14351
43932 21451
43932 10540
43932 20589
43932 48777
43932 14513
43932 48492
43932 29120
43932 29185
43932 36719
43932 25466
43932 36713
43932 25558
43932 16830
43932 46894
43932 25467
43932 13304
43932 24956
16569 39362
16569 23046
28900 10651
28900 2932
28900 49779
44545 48547
44545 8655
27421 29854
27421 13927
27421 35980
27421 43493
27421 1474
27421 36197
27421 38527
28992 44100
28992 23598
28992 48567
28992 16441
32032 26601
32032 14199
32032 14105
32032 42754
32032 35300
32032 18836
32032 45963
32032 43776
32032 28698
32032 49161
32032 44636
37844 17917
4091 8963
4091 34579
4091 33554
4091 20570
8963 4091
8963 34579
8963 33554
8963 20570
34579 4091
34579 8963
34579 20570
34579 33554
33554 4091
33554 8963
33554 20570
33554 22957
33554 7042
33554 37422
33554 13840
33554 50612
33554 34579
35366 27228
35366 10621
35366 40959
35366 45961
4347 20014
4347 51241
4347 17431
4347 7055
4347 28717
4347 2066
20014 4347
51241 4347
17431 4347
7055 4347
28717 4347
2066 4347
50431 13343
50431 23415
4441 16554
4441 44085
4441 42707
4441 20275
4441 49095
4441 7522
4441 25242
4441 44010
4441 11217
4441 37945
4441 42384
4441 22371
4441 8763
16554 4441
16554 44085
44085 4441
44085 16554
44085 42707
42707 4441
42707 44085
20275 4441
49095 4441
49095 7522
7522 4441
7522 49095
7522 50467
7522 42384
25242 4441
25242 44010
44010 4441
44010 25242
11217 4441
37945 4441
42384 4441
42384 7522
22371 4441
22371 8763
8763 4441
8763 22371
4450 33191
4450 48576
4450 48689
4450 17879
33191 4450
33191 48689
48576 4450
48576 48689
48689 4450
48689 33191
48689 48576
48689 17879
17879 4450
17879 48689
17710 37748
32406 44165
26129 20128
26129 3940
26129 49236
26129 16579
26129 50540
26129 7631
26129 19911
26129 6986
13343 3569
13343 12822
13343 3725
13343 50431
13343 20204
13343 12506
13343 32549
13343 23415
13343 32550
13343 44077
37869 10238
37869 50689
37869 23087
37869 16140
37869 16153
37869 44015
37869 22875
37869 20046
37869 39197
23415 13343
23415 12506
23415 44077
23415 32550
23415 3569
23415 12822
23415 3725
23415 50431
23415 20204
23415 32549
23415 25636
23415 12693
23415 5975
4959 1153
4959 12261
1153 4959
12261 4959
24102 5142
24102 758
24102 1115
24102 1707
24102 11839
24102 13786
24102 47213
24102 38283
24102 21384
24102 30362
24102 12113
24102 36023
45742 14027
45742 18286
45742 18335
45742 19663
45742 21304
45742 21605
45742 21630
45742 29952
45742 30400
45742 43542
14027 45742
14027 18335
14027 21304
14027 29952
14027 19663
14027 21605
14027 21630
14027 30400
14027 18286
14027 43542
5048 40245
5048 13779
5048 580
5048 27725
5048 680
5048 38286
5048 11955
5048 7988
5048 18395
5048 30410
5048 13968
5048 10045
5048 1732
5048 1802
5048 41584
40245 5048
13779 5048
580 5048
27725 5048
680 5048
38286 5048
11955 5048
7988 5048
18395 5048
30410 5048
13968 5048
10045 5048
1732 5048
1802 5048
41584 5048
12251 21259
12251 900
12251 22033
12251 50239
12251 1158
27268 45466
27268 827
27268 50248
27268 45666
27268 5449
27268 30812
27268 10173
27268 43683
27268 43456
27268 5191
27268 4995
27268 15281
27268 10201
27268 5079
27268 27808
27268 21313
27268 15420
27268 34148
27268 21765
27268 1505
27268 5028
27268 5001
27268 19485
27268 1851
27268 48896
27268 22179
27268 41910
27268 11966
27268 15302
27268 615
27268 12110
1711 30780
5114 30778
12141 30780
21309 30778
21309 30780
24673 30780
9633 30780
19469 1721
19469 15864
19469 30427
19469 5331
19469 19708
19469 47967
19708 5309
19708 19469
19708 1721
19708 15864
19708 30427
19708 5331
19708 47967
19708 47950
19708 30572
19708 19530
19708 11983
19708 24220
19708 43250
19708 1814
19708 17114
19708 43128
19708 35063
19708 713
19708 7991
19708 10055
19708 48092
19708 5424
19706 19634
19706 24074
5107 21646
5107 21605
5107 46293
46293 5107
46293 21605
46293 21630
46293 21646
46293 7487
46293 23386
46293 22479
46293 31023
46293 18716
46293 14093
46293 2725
46293 26112
46293 36514
46293 8154
8253 10004
8253 24300
5108 15279
5108 7452
5108 21367
15279 5108
15279 7452
15279 21367
7452 5108
7452 15279
7452 21367
38588 19634
38588 21752
34992 19634
34992 21752
48010 19634
48010 21752
45734 5210
45734 19796
45734 38485
45734 40276
45734 41901
4631 5210
4631 19796
4631 38485
4631 41901
19664 5210
19664 19796
19664 38485
19664 41901
30099 5210
30099 38485
30099 40276
43638 5210
43638 38485
43638 40276
43638 41901
30551 5210
30551 19796
30551 38485
30551 40276
24218 5210
24218 19796
24218 38485
24218 40276
24041 5210
24041 19512
24041 38485
24041 41901
24041 50250
15316 5210
15316 41901
44651 5210
12109 5210
1616 5210
1616 19512
1616 38485
1616 41901
41040 5210
41040 19512
41040 38485
41040 41901
12267 5210
12267 27288
12267 38485
12267 41901
565 5210
565 41901
50950 5210
11841 5210
11841 41901
4969 50250
11834 50250
46744 50250
8444 50250
21993 50250
15209 50250
12059 30780
12059 50250
1810 5210
1810 38485
5413 5210
5413 38485
14021 5210
14021 38485
19554 5210
19554 38485
15851 5210
14010 5210
33000 5210
33000 41901
24476 5210
24476 38485
24476 41901
5084 5210
5084 41901
38134 5210
38134 41901
23941 5210
23941 41901
19304 5210
19304 38485
19304 41901
11969 5210
1205 5210
15613 5210
15613 41901
33963 5210
33963 41901
48136 41901
5336 8227
5378 49846
5378 43692
5378 9694
49846 5378
49846 9694
49846 43692
9694 5378
9694 30636
9694 27771
9694 30547
9694 40263
9694 36179
9694 19510
9694 35799
9694 49846
9694 43692
5481 47678
5481 34027
47678 5481
47678 34027
13839 5512
13839 19625
13839 22033
5538 28105
5538 48481
5538 11551
5538 14347
5538 37677
5538 17481
5538 12343
17481 5538
17481 11551
17481 12343
17481 14347
17481 28105
17481 48481
17481 34729
17481 13535
17481 9173
17481 49654
17481 50741
17481 2873
17481 20131
17481 37677
12343 5538
12343 11551
12343 28105
12343 48481
12343 14347
12343 37677
12343 17481
2752 43880
31963 5839
31963 8951
31963 23405
31963 28473
31963 31589
31963 31839
50780 50875
50780 18469
20197 5912
20197 48610
31076 5912
31076 48610
26406 5912
26406 48610
33068 5912
33068 48610
17418 5912
17418 48610
23446 5912
23446 48610
44220 5912
44220 48610
1893 5912
47761 5912
43606 5912
47866 5912
48176 5912
29112 5912
29112 14347
29112 33425
23605 5912
23605 9023
49337 5912
49180 5912
48629 23740
48629 39797
48629 6408
48629 44221
48629 10768
48629 10489
48629 32854
48629 48533
48629 3534
48629 34485
48629 33275
48629 17680
48629 17708
48629 50790
48629 20634
48629 37422
48629 16518
48629 49159
48629 6694
48629 14787
48629 44293
48629 23705
23747 5912
11506 5912
23740 6407
23740 48629
23740 12961
23740 7102
29016 20740
29016 20214
29016 7291
29016 20649
29016 44501
29016 50544
29016 35400
29016 42712
29016 17299
29016 3551
29016 45154
29016 3668
29016 13166
29016 34871
29016 50489
29016 17475
29016 49520
29016 3858
29016 23064
29016 28492
48669 11551
48669 48481
1891 5912
27652 5912
47864 5912
48175 5912
3203 5912
3203 48610
28919 5912
48516 5912
29179 5912
11351 5912
16452 5912
26913 5912
2903 5912
2111 5912
2111 48610
2111 48785
29128 5912
29128 48610
29128 48785
48524 5912
48524 48610
48524 48785
44153 5912
44153 48610
44153 48785
23430 12930
23430 44536
23430 5972
23430 49186
23430 26121
23430 23527
23430 7134
33425 14347
33425 33265
33425 44182
33425 29112
33265 5950
33265 14347
33265 33425
26155 5912
17908 5950
3124 17735
3337 13654
44100 28992
5950 17735
5950 44182
5950 49724
5950 32522
5950 31626
5950 36801
5950 40965
5950 3008
5950 3399
5950 10870
5950 34598
5950 2689
5950 31870
5950 8682
5950 35177
5950 17785
5950 17886
5950 44726
5950 35216
5950 34363
5950 45326
5950 18853
5950 41329
5950 1970
5950 44619
5950 26378
5950 23580
5950 48348
5950 2946
5950 7276
5950 2633
5950 44778
5950 46557
5950 33493
5950 31727
5950 12626
5950 2631
5950 8573
5950 39414
5950 45329
5950 45273
5950 44072
5950 33265
5950 28448
5950 23112
5950 12470
5950 17908
17735 5950
17735 46092
17735 14405
17735 44581
17735 44182
17735 49724
17735 48348
17735 20528
17735 26608
17735 45989
17735 25236
17735 3478
17735 23474
17735 19083
17735 9031
17735 3124
17735 26623
17735 28815
17735 28113
17735 42685
17735 36997
17735 5806
17735 49262
44182 5950
44182 14347
44182 17735
44182 33425
49724 5950
49724 17735
32522 5950
31626 5950
36801 5950
40965 5950
3008 5950
3399 5950
10870 5950
34598 5950
2689 5950
31870 5950
8682 5950
35177 5950
17785 5950
17886 5950
17886 44726
44726 5950
44726 17886
35216 5950
34363 5950
45326 5950
18853 5950
41329 5950
1970 5950
44619 5950
26378 5950
23580 5950
48348 5950
48348 17735
2946 5950
7276 5950
2633 5950
44778 5950
46557 5950
33493 5950
31727 5950
12626 5950
2631 5950
8573 5950
39414 5950
45329 5950
45273 5950
44072 5950
28448 5950
23112 5950
12470 5950
32094 8951
32094 11401
32094 23405
32094 28473
32094 36688
32094 9031
32094 5818
32094 17916
32094 11993
32094 37862
32094 46045
32094 5828
32094 12877
49384 25257
6276 18804
6276 45005
18804 6276
45005 6276
44990 49496
44990 5900
44990 13133
44990 37376
44990 23586
44990 20598
44990 24786
44990 23587
44990 5153
44990 44137
11332 39012
11332 2426
11332 25106
11332 48681
11332 39782
11332 23302
11332 17191
11332 33510
11332 23099
11332 12580
6596 30998
6596 18349
6596 47059
6596 15726
6596 43692
30998 6596
30998 15726
30998 18349
30998 47059
30998 43692
18349 6596
18349 15726
18349 30998
18349 47059
18349 43692
47059 6596
47059 15726
47059 18349
47059 30998
47059 43692
15726 6596
15726 30998
15726 18349
15726 47059
15726 43692
7123 51057
7123 50544
7123 33199
7123 23353
7123 17683
7123 20740
7123 27928
7123 45028
7123 50709
51057 7123
51057 17683
51057 20740
51057 23353
51057 27928
51057 33199
51057 45028
51057 50544
51057 50709
50544 7123
50544 17683
50544 20740
50544 23353
50544 27928
50544 29016
50544 33199
50544 42712
50544 45028
50544 51057
50544 44501
50544 50489
50544 17475
50544 49520
50544 3858
50544 23064
50544 50709
33199 7123
33199 17683
33199 20740
33199 23353
33199 27928
33199 50544
33199 51057
33199 45028
33199 50709
23353 7123
23353 17683
23353 20740
23353 51057
23353 50544
23353 33199
23353 27928
23353 45028
23353 50709
20740 7123
20740 11599
20740 17683
20740 50544
20740 33199
20740 29016
20740 35400
20740 13166
20740 42712
20740 34871
20740 20829
20740 51057
20740 23353
20740 27928
20740 45028
20740 50709
27928 7123
27928 17683
27928 20740
27928 23353
27928 51057
27928 50544
27928 33199
27928 45028
27928 50709
45028 7123
45028 17683
45028 20740
45028 23353
45028 27928
45028 33199
45028 51057
45028 50544
45028 50709
50709 7123
50709 17683
50709 20740
50709 23083
50709 23353
50709 27928
50709 33199
50709 45028
50709 50544
50709 14807
50709 12901
50709 51253
50709 13166
50709 3142
50709 51057
50709 5776
50467 7522
20025 7628
20025 3156
20025 10693
20025 13173
20025 2213
25212 12719
25212 3299
45108 7628
7971 21939
7971 43622
7971 867
7971 47941
7971 535
21939 7971
43622 7971
867 7971
47941 7971
535 7971
30701 43532
30701 866
30701 35897
30701 30260
15906 8897
15906 15784
15906 30992
15906 43489
15906 30595
15906 34041
15906 43633
15906 43505
15906 43692
8185 47209
8185 29976
8185 20700
8185 40168
47209 8185
47209 20700
47209 29976
47209 40168
29976 8185
29976 20700
29976 47209
29976 40168
40168 8185
40168 20700
40168 29976
40168 47209
24327 8227
36117 8227
21394 8227
19535 8227
5327 8227
26861 8227
26861 9023
19633 8227
38220 8227
21396 8227
21764 8227
8102 8227
29936 8227
38460 8227
30652 8227
15297 8227
47988 8227
8418 22503
8418 23653
8418 42709
8418 47378
8418 45930
22503 8418
22503 23653
22503 42709
22503 47378
22503 45930
47378 8418
47378 22503
47378 23653
47378 42709
47378 45930
45930 8418
45930 22503
45930 23653
45930 42709
45930 47378
40959 27228
40959 35366
40959 27820
40959 17771
40959 12418
40959 10621
40959 45961
1361 8856
50221 8856
37348 8856
9651 8856
47689 8856
7981 8856
44400 8856
1054 8856
1793 8856
33974 8856
19740 8856
38671 8856
30023 8856
43201 8856
38363 8856
27820 40959
8897 15906
8897 15784
8897 34041
8897 43633
8897 43505
8897 43692
15784 8897
15784 15906
15784 34041
15784 43633
15784 43505
15784 43692
43633 8897
43633 15784
43633 15906
43633 34041
43633 43505
43633 43692
43505 8897
43505 15784
43505 15906
43505 34041
43505 43633
43505 43692
8938 11086
8938 14115
8938 3610
8938 34869
8938 44046
8938 39182
8938 37805
11086 8938
14115 8938
3610 8938
34869 8938
34869 44046
34869 39182
34869 37805
44046 8938
44046 34869
44046 37805
44046 39182
39182 8938
39182 34869
39182 37805
39182 44046
37872 8951
37872 11401
37872 23405
37872 35368
37872 37862
37872 41055
35368 8951
35368 11401
35368 23405
35368 37872
35368 37862
35361 8951
35361 11244
35361 11401
35361 23405
35361 37862
8982 13201
8982 28947
29120 43932
17771 40959
13201 8982
13201 28947
20427 49127
20427 22711
20427 27829
9023 46250
9023 20216
9023 26861
9023 20872
9023 23337
9023 34613
9023 4507
9023 28963
9023 5960
9023 23605
9023 44599
9023 37907
9023 37845
9023 49385
9023 2026
9023 50929
9023 17284
9023 30192
9023 34913
9023 27420
46250 9023
20216 9023
20872 9023
23337 9023
34613 9023
4507 9023
28963 9023
5960 9023
44599 9023
37907 9023
37845 9023
49385 9023
49385 25267
2026 9023
2026 23460
50929 9023
17284 9023
30192 9023
34913 9023
27420 9023
9052 17947
9052 34041
9052 44172
9052 16575
9052 44111
9052 44203
17947 9052
17947 16575
17947 34041
17947 44172
17947 44111
17947 44203
44172 9052
44172 16575
44172 17947
44172 34041
44172 44111
44172 44203
16575 9052
16575 17947
16575 34041
16575 44172
16575 44111
16575 44203
44111 9052
44111 16575
44111 17947
44111 34041
44111 44172
44111 44203
44203 9052
44203 16575
44203 17947
44203 34041
44203 44111
44203 44172
44203 3973
9140 9268
9140 41540
9140 34760
9140 16929
9140 22606
9140 12689
9140 44311
9140 40746
9268 9140
41540 9140
34760 9140
16929 9140
22606 9140
12689 9140
44311 9140
40746 9140
46693 9299
46693 25750
30636 9694
30636 19510
30636 27771
30636 30547
30636 40263
30636 36179
30636 35799
27771 9694
27771 19510
27771 30636
27771 30547
27771 40263
27771 36179
27771 35799
30547 9694
30547 19510
30547 27771
30547 30636
30547 40263
30547 36179
30547 35799
40263 9694
40263 19510
40263 27771
40263 30547
40263 30636
40263 35799
40263 36179
36179 9694
36179 19510
36179 27771
36179 30547
36179 30636
36179 35799
36179 40263
19510 9694
19510 30636
19510 27771
19510 30547
19510 40263
19510 36179
19510 35799
35799 9694
35799 19510
35799 27771
35799 30547
35799 30636
35799 40263
35799 36179
43721 15471
43721 18372
43721 27740
43721 38571
43721 43692
43721 48190
9743 15695
15695 9743
22010 9920
22010 15888
22010 19486
30700 9920
30700 15888
30700 19486
22005 9920
22005 15888
22005 19486
22005 27346
11890 10004
11890 24300
47061 10004
47061 24300
15388 10004
15388 24300
46797 10004
46797 24300
512 10004
512 24300
27754 10004
27754 24300
43673 10004
43673 24300
30949 10004
30949 24300
9780 10004
9780 24300
12040 10004
12040 24300
21841 10004
21841 24300
9814 10004
9814 24300
5386 10004
5386 24300
47663 10004
47663 24300
48146 10004
48146 24300
1243 10004
1243 24300
10035 10004
10035 24300
40599 10004
40599 24300
9804 10004
9804 24300
33929 10004
33929 24300
30872 10004
30872 24300
8895 10004
8895 24300
24263 10004
24263 24300
11931 10004
11931 24300
35822 10004
35822 24300
24261 10004
24261 24300
50295 10004
50295 24300
1189 10004
1189 24300
35084 10004
35084 24300
48199 10004
48199 24300
5513 10004
5513 24300
48131 10004
48131 24300
10186 10004
10186 24300
34029 10004
34029 24300
27342 10004
27342 24300
29910 10004
29910 24300
12426 10004
12426 24300
27825 10004
27825 24300
5516 24300
10032 19668
10032 30595
10032 24520
19668 10032
19668 30595
19668 24520
33897 19486
33897 21775
33897 48096
8226 19486
8226 21775
8226 48096
15554 10128
517 10128
750 10128
24164 10128
36075 10128
30651 10128
5021 10128
35765 10128
50132 10128
15892 10128
24212 10128
30445 10128
30445 41901
17098 10128
33835 10128
3768 15451
3768 17819
1242 10128
40595 10128
13922 10128
10155 30832
10155 27737
10155 19465
10155 38374
10155 27731
10155 5313
10155 955
30832 10155
30832 19465
30832 27737
30832 38374
30832 27731
30832 5313
30832 955
27737 10155
27737 19465
27737 48160
27737 36317
27737 30832
27737 38374
27737 35792
27737 45639
27737 21907
27737 30277
27737 30396
27737 30810
19465 10155
19465 30832
19465 27737
19465 38374
19465 27731
19465 5313
19465 955
38374 10155
38374 19465
38374 27737
38374 30832
38374 27731
38374 5313
38374 955
27731 10155
27731 19465
27731 30832
27731 38374
5313 10155
5313 19465
5313 30832
5313 38374
955 10155
955 19465
955 30832
955 38374
35792 27737
35792 45639
35792 21392
35792 45636
27829 20427
27829 22711
27829 49127
11061 22727
11061 34584
22727 11061
22727 34584
34584 11061
34584 22727
11221 49308
11221 13351
13654 3196
13654 42205
13654 3337
13654 44134
13654 3353
13654 50405
13654 5880
13654 20751
13654 16384
49308 11221
49308 13351
49308 49155
49308 33060
49308 27919
49308 39800
49308 45880
13351 11221
13351 49308
42057 9871
20751 13654
20751 16384
20751 50405
20751 3353
20751 5880
33506 17836
33506 48583
33506 46393
33506 34716
48583 33506
33371 11265
33371 17934
33371 20485
44147 17934
44147 20485
44147 23492
44147 23653
44147 28947
44147 37778
44147 42709
44147 49713
39012 11332
39012 48681
2426 11332
2426 48681
25106 11332
25106 48681
39782 11332
39782 48681
23302 11332
23302 26601
23302 48681
23302 51218
17191 11332
17191 48681
33510 11332
33510 48681
23099 11332
23099 48681
12580 11332
3196 13654
32375 49150
32375 31523
32375 50417
32375 12843
32375 23462
32375 3450
32375 24965
32375 33449
32375 48619
13535 11551
13535 14347
13535 17481
13535 28105
13535 48481
9173 11551
9173 14347
9173 17481
9173 28105
9173 48481
39197 37869
22875 37869
11599 25267
11599 7433
11599 13556
11599 34871
11599 35400
11599 20829
11599 17683
11599 20740
7433 11599
7433 17415
7433 23083
7433 25267
7433 34871
7433 42712
13556 11599
13556 17415
13556 25267
35400 11599
35400 17415
35400 20740
35400 23083
35400 25267
35400 29016
35400 34871
35400 42712
20829 11599
20829 17683
20829 20740
10140 11838
47693 11838
15660 11838
5416 11838
43307 11838
30806 11838
47843 11838
15832 11838
15832 21752
15792 11838
15792 21752
24510 11838
24510 21752
19748 11838
19748 21752
1351 11838
1351 21752
15401 11838
15401 21752
24684 11838
24684 45590
35964 11838
35964 45590
24273 11838
24273 45590
45590 11838
45590 15392
45590 15721
45590 18195
45590 19658
45590 24440
45590 27302
45590 27565
45590 27697
45590 30484
45590 36089
45590 38351
45590 38357
45590 48097
45590 30475
45590 24247
45590 43252
45590 43647
45590 15485
45590 30776
45590 36098
45590 47932
45590 43470
45590 48098
45590 46799
45590 45642
45590 24684
45590 35964
45590 24273
45590 24073
45590 24034
45590 1645
45590 5110
45590 15582
45590 15486
45590 50906
45590 13905
45590 35962
45590 36115
45590 12151
45590 653
45590 24381
45590 15873
45590 1049
45590 43364
45590 36265
24073 11838
24073 45590
24034 11838
24034 45590
1645 11838
1645 45590
5110 11838
5110 45590
15582 11838
15582 45590
15486 11838
15486 45590
50906 11838
50906 45590
50906 47985
50254 21752
12074 21752
43170 21752
30613 21752
9877 11972
9877 38592
21652 11972
21652 38592
834 11972
834 38592
4976 11972
4976 30384
4976 38610
21386 11972
21386 30384
21386 38610
21386 38673
1198 11972
1198 30384
1198 38610
40179 11972
40179 38610
30661 11972
30661 38610
21359 11972
21359 38610
1272 11972
1272 38610
45488 11972
45488 38610
11981 38505
11981 38522
11981 5383
11981 21927
38505 11981
5383 11981
5383 38522
21927 11981
21927 38522
24099 27606
24099 19701
24099 4977
24099 15863
49642 12128
49642 30595
49642 38244
49642 43692
12353 48040
12353 38448
12353 47777
12353 30778
12353 15364
12353 21299
12353 21720
12353 1694
47694 30778
47694 1003
47694 1144
47694 31009
47694 5528
47694 21558
47694 29978
47694 40421
47694 12012
47694 30345
47694 47777
47694 43503
47694 1694
47694 47990
47694 48040
47694 30250
47694 21557
47694 24146
47694 43316
47694 49907
47694 30354
47694 48186
47694 1760
47694 48024
47694 40539
33760 12202
33760 18264
33760 43692
18264 12202
18264 33760
18264 43692
8861 12329
8861 40276
24110 12329
24110 40276
29963 12329
29963 30907
29963 40276
21611 12329
21611 40276
38448 12353
38448 30778
38448 47777
38448 48040
15364 12353
15364 30778
15364 30780
15364 47777
15364 48040
21299 12353
21299 30778
21299 47777
21299 48040
21720 12353
21720 30778
21720 47777
21720 48040
1694 12353
1694 30778
1694 30780
1694 47694
1694 47777
1694 48040
3569 13343
3569 23415
12822 13343
12822 23415
3725 13343
3725 23415
20204 13343
20204 23415
12506 13343
12506 21752
12506 23415
32549 13343
32549 23415
32550 13343
32550 23415
44077 13343
44077 23415
49713 17934
49713 20485
49713 23492
49713 23653
49713 28947
49713 34561
49713 37778
49713 42709
49713 44147
12901 50709
26487 13368
17414 13368
14258 13368
42205 13654
44134 13654
44134 23447
3353 13654
3353 20751
50405 13654
50405 20751
5880 13654
5880 20751
16384 13654
16384 20751
13883 18286
13883 27748
13883 43542
13883 21646
13883 21605
13883 43574
18335 14027
18335 18286
18335 45742
18335 21304
18335 29952
18335 19663
18335 21605
18335 21630
18335 30400
18335 43542
21304 14027
21304 18286
21304 18335
21304 19663
21304 45742
21304 29952
21304 21605
21304 21630
21304 30400
21304 43542
29952 14027
29952 18286
29952 18335
29952 19663
29952 21304
29952 21605
29952 21630
29952 45742
29952 30400
29952 43542
19663 14027
19663 18286
19663 18335
19663 45742
19663 21304
19663 29952
19663 21605
19663 21630
19663 30400
19663 43542
30400 14027
30400 18286
30400 18335
30400 19663
30400 21304
30400 21605
30400 21630
30400 29952
30400 45742
30400 43542
4465 23447
25236 17735
14510 16220
14510 26187
14510 36385
14510 20700
16220 14510
16220 26187
16220 36385
16220 20700
26187 14510
26187 16220
26187 20700
26187 36385
36385 14510
36385 16220
36385 20700
36385 26187
15392 27302
15392 38357
15392 45590
15392 15721
15392 36089
15392 27697
15392 38351
15392 46799
15392 30484
15392 19658
15392 18195
15392 45642
15392 24440
15392 27565
27302 15392
27302 15721
27302 18195
27302 19658
27302 24440
27302 38357
27302 45590
27302 36089
27302 27697
27302 38351
27302 46799
27302 30484
27302 45642
27302 27565
38357 15392
38357 15721
38357 18195
38357 19658
38357 24440
38357 27302
38357 27565
38357 27697
38357 30484
38357 36089
38357 38351
38357 45590
38357 46799
38357 45642
15721 15392
15721 27302
15721 38357
15721 45590
15721 36089
15721 27697
15721 38351
15721 46799
15721 30484
15721 19658
15721 18195
15721 45642
15721 24440
15721 27565
15721 43470
15721 48097
15721 40601
15721 48069
15721 47932
15721 17709
15721 30776
36089 15392
36089 15721
36089 18195
36089 19658
36089 24440
36089 27302
36089 27565
36089 27697
36089 30484
36089 48097
36089 45590
36089 30475
36089 24247
36089 43252
36089 43647
36089 15485
36089 30776
36089 38357
36089 38351
36089 46799
36089 45642
36089 43470
36089 40601
36089 48069
36089 47932
36089 17709
27697 15392
27697 15721
27697 18195
27697 19658
27697 24440
27697 27302
27697 27565
27697 38357
27697 45590
27697 36089
27697 38351
27697 46799
27697 30484
27697 45642
38351 15392
38351 15721
38351 18195
38351 19658
38351 24440
38351 27302
38351 27565
38351 27697
38351 30484
38351 36089
38351 38357
38351 45590
38351 46799
38351 45642
46799 15392
46799 15721
46799 18195
46799 19658
46799 24440
46799 27302
46799 27565
46799 27697
46799 30484
46799 36089
46799 38351
46799 38357
46799 45590
46799 45642
30484 15392
30484 15721
30484 18195
30484 19658
30484 24440
30484 27302
30484 27565
30484 27697
30484 38357
30484 45590
30484 36089
30484 38351
30484 46799
30484 45642
19658 15392
19658 15721
19658 18195
19658 27302
19658 38357
19658 45590
19658 36089
19658 27697
19658 38351
19658 46799
19658 30484
19658 45642
19658 24440
19658 27565
18195 15392
18195 15721
18195 27302
18195 38357
18195 45590
18195 36089
18195 27697
18195 38351
18195 46799
18195 30484
18195 19658
18195 45642
18195 24440
18195 27565
45642 15392
45642 15721
45642 18195
45642 19658
45642 24440
45642 27302
45642 27565
45642 27697
45642 30484
45642 36089
45642 38351
45642 38357
45642 45590
45642 46799
15451 35831
15451 15536
15451 29949
15451 47736
15451 43326
15451 10142
15451 561
15451 30214
15451 38329
15451 50187
15451 50152
15451 35817
15451 24113
15451 1286
15451 3768
15451 2228
15451 15271
15451 17072
15451 822
15451 9981
15451 5415
35831 15451
15536 15451
29949 15451
47736 15451
43326 15451
10142 15451
561 15451
30214 15451
38329 15451
38389 43462
38389 8231
38389 21423
38389 51016
38389 5514
38389 42441
38389 34033
38389 38601
38389 33968
38389 5473
38389 799
38389 48876
38389 34676
30140 15823
30140 698
30140 8212
30140 29924
50187 15451
50187 15484
50152 15451
35817 15451
24113 15451
1286 15451
2228 15451
15271 15451
17072 15451
822 15451
9981 15451
5415 15451
15471 18372
15471 48190
15471 43692
15471 27740
15471 38571
15471 43721
18372 15471
18372 48190
18372 43692
18372 27740
18372 38571
18372 43721
48190 15471
48190 18372
48190 27740
48190 38571
48190 43692
48190 43721
27740 15471
27740 18372
27740 48190
27740 43692
27740 38571
27740 43721
38571 15471
38571 18372
38571 27740
38571 48190
38571 43692
38571 43721
24702 15484
8228 15484
36356 15484
10217 15484
21753 15484
43470 15721
43470 36089
43470 45590
48097 15721
48097 36089
48097 45590
40601 15721
40601 36089
48069 15721
48069 36089
47932 15721
47932 36089
47932 45590
17709 15721
17709 36089
30776 15721
30776 21600
30776 26601
30776 36089
30776 45590
24355 21775
24355 35985
21775 19486
21775 9724
21775 1511
21775 35087
21775 30432
21775 33897
21775 8226
21775 15340
21775 48096
21775 10141
21775 35985
21775 24355
35985 21775
35985 24355
35985 35908
35985 4939
35985 5504
35985 21827
35985 21852
35985 47985
35985 21545
35985 5174
35985 12360
35985 27545
35985 24065
35985 30044
35985 48028
35985 5470
35985 5486
35985 48155
35985 5535
35985 15418
35985 36079
35985 19831
40348 15888
40486 15888
10089 15888
10089 19486
1406 15888
1406 19486
40058 15888
40058 19486
30992 15906
30992 30595
30992 43489
43489 15906
43489 30595
43489 30992
23598 28992
39362 16569
23046 16569
13080 43880
26482 17415
26482 23083
26482 25267
26482 34871
26482 42712
18183 17415
18183 34871
49654 17481
49654 28105
50741 17481
50741 28105
2873 17481
2873 28105
20131 17481
20131 28105
46092 17735
14405 17735
44581 17735
20528 17735
26608 17735
45989 17735
3478 17735
23474 17735
19083 17735
17916 32094
48794 29136
9031 17735
9031 32094
26623 17735
28815 17735
28113 17735
42685 17735
36997 17735
5806 17735
49262 17735
17819 19938
17819 37625
17819 44215
17819 3768
17819 17518
17819 17611
17819 2229
26574 50923
26574 2436
26574 34555
26574 28041
19938 17819
37625 17819
17518 17819
17611 17819
2229 17819
17917 37844
37778 17934
37778 20485
37778 23492
37778 23653
37778 28947
37778 44147
37778 49713
37778 42709
23492 17934
23492 20485
23492 44147
23492 49713
23492 42709
23492 37778
23492 23653
23492 28947
23492 34561
34561 17934
34561 23492
34561 49713
41740 17934
41740 40820
41740 4279
41740 8616
41740 7246
41740 16022
41740 4213
40820 17934
40820 41740
754 21600
754 26601
1721 19469
1721 19708
15864 19469
15864 19708
30427 19469
30427 19708
5331 19469
5331 19708
47967 19469
47967 19634
47967 19708
47967 24074
24115 27523
15598 27523
1511 19486
1511 21775
1511 48096
15340 19486
15340 21775
15340 48096
10141 19486
10141 21775
10141 48096
12397 21752
5488 50250
47835 24360
12135 24360
39667 19512
39667 41901
42011 19512
29277 19512
20063 19512
30206 19512
30206 38485
30206 41901
16923 19512
5594 19512
16348 19512
30848 38485
40330 50250
27084 38485
27084 41901
30043 19512
30043 38485
30043 40276
899 19512
21368 19512
30283 19512
33876 19512
4605 19512
4605 38485
4605 40276
4605 41901
21964 19512
21964 38485
21964 40276
30042 19512
30042 41901
48975 19512
25764 19512
14061 19512
19516 19512
24585 50250
12385 50250
33961 30780
11895 30907
30854 30907
47903 30907
19600 26756
19600 22560
19600 18668
19600 47131
19600 50287
19600 36192
26756 19600
22560 19600
18668 19600
47131 19600
50287 19600
50287 36192
19625 13839
19625 24497
19625 15235
19625 9897
19625 12334
19625 40312
19625 24496
19625 1271
19625 15270
15235 19625
9897 19625
9897 22033
12334 19625
40312 19625
24496 19625
1271 19625
15270 19625
33846 19634
33846 21752
51018 19634
51018 21752
1703 19634
1703 21752
30770 19634
30770 21752
40248 19634
40248 21752
36374 19634
36374 21752
18303 19634
18303 21752
1657 19634
1657 24074
15859 19634
15859 24074
5330 19634
5330 24074
20195 19634
20195 24074
47950 19708
19530 19708
11983 19708
24220 19708
43250 19708
1814 19708
17114 19708
43128 19708
35063 19708
713 19708
7991 19708
10055 19708
48092 19708
5424 19708
3156 20025
10693 20025
13173 20025
2213 20025
3940 20128
3940 26129
49236 20128
49236 26129
16579 20128
16579 26129
50540 20128
50540 26129
7631 20128
7631 26129
19911 20128
19911 26129
6986 20128
6986 26129
20273 49474
20273 20067
20273 5802
49474 20273
20067 20273
5802 20273
16022 20419
16022 41740
22711 20427
22711 49127
22711 27829
26593 20570
23001 20570
30980 20700
30980 21349
21349 20700
21349 30980
51253 23083
51253 50709
4566 25257
45636 35792
30926 21600
30926 26601
30926 36278
10030 21600
10030 26601
9865 21600
9865 26601
44636 21600
44636 26601
44636 32032
44636 49161
44636 51218
697 21752
30766 21752
799 21752
799 38389
21858 21752
9724 21775
38660 30778
19627 22033
49032 22033
49032 30217
26501 23083
26501 34871
35349 23083
3491 23083
3491 25267
3491 34871
3491 42712
20621 23083
20621 25267
20621 34871
20621 42712
5919 23083
29185 43932
25636 23415
12693 23415
5975 23415
12930 23430
44536 23430
5972 23430
49186 23430
26121 23430
23527 23430
7134 23430
35861 23447
14000 23447
21338 23447
30148 23447
35783 23447
11481 23447
13911 23447
10095 23447
43241 23447
21531 23447
27671 23447
11984 23447
27639 23447
11432 25257
16105 23460
4341 23460
6407 23740
12961 23740
7102 23740
14787 48629
6694 48629
17680 48629
39797 48629
25750 46693
24093 43692
27606 24099
19701 24099
4977 24099
15863 24099
5142 24102
758 24102
1115 24102
1707 24102
11839 24102
13786 24102
47213 24102
38283 24102
21384 24102
30362 24102
12113 24102
36023 24102
12110 27268
30361 27523
18197 27523
10012 24300
13934 24300
15273 24300
9548 24300
478 24360
38462 24360
1395 24360
1796 24360
21839 24360
27602 24360
38698 24360
40587 24360
4980 24360
1078 24517
1078 50923
12305 24517
12305 50923
15468 24520
24580 24520
18347 24520
39540 24520
18257 24520
40230 24640
30746 24640
30619 24640
18301 24640
17328 24640
47238 24640
16565 48610
12719 25212
3299 25212
37697 25257
17607 25257
2092 25257
37781 25257
3285 26601
2436 26574
2436 50923
34555 26574
34555 50923
28041 26574
28041 50923
28698 26601
28698 32032
28698 49161
30222 26601
30222 49161
1320 26601
1320 49161
18836 26601
18836 32032
18836 49161
6586 26601
6586 51218
33576 26601
33576 51218
45979 26601
45979 51218
5837 26601
5837 51218
23183 26601
23183 51218
46555 26601
46555 51218
43891 26601
43891 51218
9006 26601
8367 26601
3470 26601
34293 26601
44221 48629
10489 48629
10621 27228
10621 35366
10621 40959
45961 27228
45961 35366
45961 40959
45466 27268
827 27268
50248 27268
45666 27268
5449 27268
30812 27268
10173 27268
43683 27268
43456 27268
5191 27268
4995 27268
10201 27268
5079 27268
27808 27268
21313 27268
15420 27268
34148 27268
21765 27268
1505 27268
5028 27268
5001 27268
19485 27268
1851 27268
48896 27268
22179 27268
41910 27268
11966 27268
15302 27268
615 27268
36218 47794
29854 27421
13927 27421
35980 27421
43493 27421
1474 27421
36197 27421
38527 27421
33986 27523
21754 27523
7920 27523
38217 27523
7858 27523
12099 27523
47708 27523
40644 27523
9749 27523
29983 27523
50136 27523
35883 27523
47707 27523
48160 27737
36317 27737
21907 27737
30277 27737
30396 27737
30810 27737
49280 37545
7079 28105
28364 28105
32150 28105
10651 28900
2932 28900
49779 28900
48567 28992
16441 28992
20214 29016
7291 29016
20649 29016
44501 29016
44501 50544
17299 29016
3551 29016
45154 29016
3668 29016
50489 29016
50489 50544
17475 29016
17475 50544
49520 29016
49520 50544
3858 29016
3858 50544
23064 29016
23064 50544
28492 29016
46382 29055
9160 29136
23449 29136
15823 30140
698 30140
8212 30140
29924 30140
40614 30166
30605 30166
40592 30217
40592 50239
16678 37748
45207 30384
45207 38610
45207 38673
45478 30384
45478 38610
45478 38673
4994 30384
4994 38610
4994 38673
43532 30701
866 30701
35897 30701
30260 30701
941 30778
30035 30778
7895 30778
1818 30778
1818 30780
5232 30778
15523 30778
24097 30778
47759 30778
12119 30778
12119 30780
43503 30778
43503 47694
43503 47777
43503 48040
47990 30778
47990 47694
47990 47777
47990 48040
734 30778
734 30780
5245 30778
5245 30780
1820 30778
1820 30780
12278 30780
24391 47985
48922 30780
8822 30780
30213 30780
5099 30780
38315 30780
41923 30780
21409 30780
15387 30907
40323 30907
24562 30907
40600 30907
30331 30907
15609 30907
45632 30907
11911 30907
18357 30907
30748 30907
21805 30907
1780 30907
8109 30907
12093 30907
24112 30907
24112 40276
24506 30907
35017 30907
4933 50250
19866 30907
15828 30907
43216 30907
19628 30907
12139 30907
19453 30907
47886 41901
46752 30907
19727 30907
19754 30907
24269 30907
3973 44203
14199 32032
14105 32032
42754 32032
35300 32032
45963 32032
43776 32032
36688 32094
5818 32094
11993 32094
46045 32094
5828 32094
12877 32094
49150 32375
31523 32375
50417 32375
12843 32375
23462 32375
3450 32375
24965 32375
33449 32375
48619 32375
17836 33506
46393 33506
34716 33506
22957 33554
7042 33554
37422 33554
37422 48629
13840 33554
50612 33554
50928 34602
50928 50938
49391 34604
42348 34604
20064 34604
46169 34604
46169 44165
3535 34604
17888 34604
16638 34604
14554 34604
36917 34604
10732 34604
8579 34604
35398 34871
35398 42712
26019 34871
21392 35792
35908 35985
4939 35985
4939 47985
5504 35985
5504 47985
21827 35985
21827 47985
21852 35985
21852 47985
21545 35985
21545 47985
5174 35985
5174 47985
12360 35985
12360 47985
27545 35985
27545 47985
24065 35985
24065 47985
30044 35985
30044 47985
48028 35985
48028 47985
5470 35985
5470 47985
5486 35985
5486 47985
48155 35985
48155 47985
5535 35985
5535 47985
15418 35985
15418 47985
36079 35985
36079 47985
19831 35985
19831 47985
9853 36000
9853 47985
27345 36000
1303 36000
961 36000
12161 36000
40425 36000
40425 47985
15214 36000
21287 36000
21287 47985
15259 36000
15259 47985
27451 36000
27451 47985
24525 36000
24525 47985
43335 36000
50185 36000
50185 38522
30475 36089
30475 45590
24247 36089
24247 45590
43647 36089
43647 45590
15485 36089
15485 45590
32567 37748
48094 50250
17108 50250
48148 36210
50280 36210
35888 36278
19566 36278
41898 36278
10109 36278
14043 36278
15731 36278
10553 37545
49819 37545
42399 37545
44083 37748
49224 37748
49585 37748
42429 37748
48753 37748
43929 37748
37749 37748
10238 37869
50689 37869
23087 37869
16140 37869
16153 37869
44015 37869
20046 37869
41055 37872
43462 38389
8231 38389
21423 38389
51016 38389
5514 38389
42441 38389
34033 38389
38601 38389
33968 38389
48876 38389
34676 38389
36098 45590
34917 38485
34917 41901
29517 38485
29517 41901
19404 38485
19404 41901
21188 38485
21188 41901
5221 38485
5221 41901
19816 38485
19816 41901
40266 38485
49643 41901
43361 41901
13913 38522
13899 38522
19364 38522
50074 38522
11741 38522
221 38522
47617 38522
19703 38522
24267 38522
30824 38522
30147 38522
12007 38522
30958 38522
27510 38522
9964 38522
27604 38522
45621 40394
8132 40394
15174 40394
30196 40394
35960 40394
23261 40394
8407 40394
5381 40394
4945 40394
21974 40394
29987 40394
40564 40394
12418 40959
4279 41740
8616 41740
7246 41740
4213 41740
6930 41901
27175 41901
4761 41901
8898 41901
15920 41901
19749 41901
5278 41901
9871 42057
36305 43288
19547 43288
5511 43288
33939 43288
48952 43288
33571 43932
20763 43932
35408 43932
14351 43932
21451 43932
10540 43932
20589 43932
48777 43932
14513 43932
48492 43932
36719 43932
25466 43932
36713 43932
25558 43932
16830 43932
46894 43932
25467 43932
13304 43932
24956 43932
8575 44165
31729 44165
47503 44165
2826 44165
8744 44165
22679 44165
14691 44165
14704 44165
17246 44165
8576 44165
14705 44165
14692 44165
48676 44165
33325 44165
49140 44165
46224 44165
49466 44165
49671 44193
49671 17548
48547 44545
8655 44545
49496 44990
5900 44990
13133 44990
37376 44990
23586 44990
20598 44990
24786 44990
23587 44990
5153 44990
44137 44990
48098 45590
13905 45590
35962 45590
36115 45590
12151 45590
653 45590
24381 45590
15873 45590
1049 45590
43364 45590
36265 45590
7487 46293
23386 46293
22479 46293
31023 46293
18716 46293
14093 46293
2725 46293
26112 46293
36514 46293
8154 46293
9299 46693
1003 47694
1144 47694
31009 47694
5528 47694
21558 47694
29978 47694
40421 47694
12012 47694
30345 47694
30250 47694
21557 47694
24146 47694
43316 47694
49907 47694
30354 47694
48186 47694
1760 47694
48024 47694
40539 47694
8095 47777
1898 47777
29970 47777
27804 47777
33853 47777
30098 47777
15562 47777
27309 47777
621 47777
30822 47777
5144 47777
27415 47794
50291 47794
5213 47794
40484 47985
15694 47985
21962 47985
33980 47985
5101 47985
27465 47985
1869 47985
43714 47985
5372 48043
40377 48043
10033 48043
5228 48043
4887 48043
38388 48043
38496 48043
13804 48043
12233 48043
38657 48043
619 48043
11912 48043
49060 48610
3189 48610
25307 48610
12618 48610
2266 48610
16622 48610
2591 48610
12774 48610
18179 48610
28770 48610
2254 48610
40086 48610
32742 48610
18224 48610
40080 48610
46611 48610
24800 48610
24922 48610
3109 48610
49451 48626
6408 48629
10768 48629
32854 48629
48533 48629
3534 48629
34485 48629
33275 48629
17708 48629
50790 48629
20634 48629
16518 48629
49159 48629
44293 48629
23705 48629
37627 48681
20182 48681
46914 48681
50909 48681
49452 48681
48488 48681
50630 48681
36038 48785
21471 48785
50198 48785
44946 48785
30655 48785
5324 48785
27776 48785
10184 48785
40391 48785
21883 48785
15631 48785
5196 48785
30173 48785
49155 49308
33060 49308
27919 49308
39800 49308
45880 49308
17548 49671
27762 50239
12149 50239
9854 50239
45736 50239
11927 50239
24563 50239
30539 50239
40465 50239
21348 50239
21587 50239
38680 50239
5123 50239
50261 50239
36045 50250
1745 50250
30152 50250
24344 50250
1302 50250
12211 50250
49004 50250
38261 50250
17055 50250
40352 50250
5395 50250
1839 50250
5274 50250
44319 50250
10085 50250
8243 50250
14807 50709
5776 50709
50875 50780
18469 50780
