45639 15451
45639 22015
45639 24457
45639 30140
45639 35010
45639 35027
45639 38237
45639 38290
45639 38389
45639 38559
45639 45521
45639 45533
45639 49024
45639 48953
27068 19294
27068 21088
27068 42944
27068 4685
27068 42877
20700 8719
20700 13571
20700 17854
20700 18672
20700 20485
20700 39734
20700 25490
20700 28947
19294 4880
19294 21088
19294 42944
19294 4685
19294 42877
19294 27068
19294 21071
19294 29437
19294 15062
19294 35721
19294 39994
19294 27159
19294 9520
19294 34926
20744 17781
20744 49234
20744 42396
20744 23415
20744 44045
20744 51180
20744 14427
5912 29112
5912 23605
5912 49180
5912 35437
5912 48629
5912 31732
5912 29040
5912 23740
5912 17579
5912 29249
5912 4399
5912 42115
5912 23620
5912 11066
5912 44646
5912 18766
5912 3238
5912 42675
5912 49339
5912 7644
5912 11393
5912 37619
5912 50388
5912 46567
5912 51187
17781 20744
17781 49234
17781 42396
17781 23415
17781 44045
17781 51180
17781 14427
39922 8951
39922 37872
39922 45788
39922 24759
39922 10712
39922 41176
39922 22223
39922 25382
39922 32222
39922 2580
39922 28844
39922 44292
39922 46230
39922 45791
39922 7198
39922 35194
39922 23401
39922 3067
39922 31333
8951 39922
8951 45788
8951 24759
8951 10712
8951 41176
8951 22223
8951 25382
8951 32222
8951 2580
8951 28844
8951 44292
8951 46230
8951 45791
8951 7198
8951 35194
8951 23401
8951 3067
8951 31333
8951 37872
23405 2925
23405 16446
23405 17647
23405 34419
23405 48681
23405 37862
23405 34422
1128 38564
5210 43638
5210 50250
5210 44401
5210 4969
5210 11834
5210 46744
5210 8444
5210 15800
5210 43701
5210 21993
5210 9736
5210 15209
5210 9903
5210 12059
24442 1075
24442 19512
24442 19796
24442 38485
24442 41901
50923 26574
50923 33387
50923 37741
50923 25289
50923 50470
50923 1993
50923 44006
50923 3285
50923 36855
50923 24020
50923 50476
36222 50199
36222 47897
36222 43418
36222 48202
751 21987
27388 19512
27388 38485
27388 41901
21987 751
27594 23740
27594 24637
27594 22094
24637 23740
24637 27594
24637 22094
13358 5889
13358 37805
13358 44020
13358 31715
13358 50780
13358 49713
13358 20556
24322 27281
24322 27242
24322 47771
24322 45546
24322 15663
24322 4921
24322 45617
24322 11880
24322 822
24322 19689
24322 27535
19559 47844
19559 1304
19559 47863
19559 36326
19559 48201
995 27685
995 7925
995 43313
995 13939
995 1666
995 30943
995 19696
995 30572
995 45591
995 21515
995 43177
995 24255
995 17038
995 35007
995 15456
27685 995
27685 38485
27685 41901
15800 5210
15800 38485
15800 41901
15800 50250
36256 36179
36256 38485
7925 995
43313 995
13939 995
1666 995
30943 995
19696 995
30572 995
45591 995
21515 995
21515 19512
43177 995
43177 19512
24255 995
17038 995
17038 38485
17038 41901
35007 995
15456 995
15456 19512
1075 24442
1075 41901
1075 38485
1075 19796
1075 27318
1075 34977
1075 35030
1075 30205
41901 1075
41901 19512
41901 19796
41901 38485
41901 24442
41901 12267
41901 34977
41901 27388
41901 24476
41901 30205
41901 30848
41901 40330
41901 21999
41901 5336
41901 35970
41901 36178
41901 27521
41901 565
41901 11969
41901 12332
41901 17038
41901 27685
41901 48885
41901 5263
41901 27318
41901 35030
41901 38640
41901 47849
41901 19807
41901 7922
41901 5004
41901 40207
41901 21685
41901 4944
41901 14021
41901 15800
41901 24451
41901 47912
19512 24442
19512 41901
19512 38485
19512 27388
19512 30848
19512 40330
19512 12267
19512 21999
19512 36035
19512 15277
19512 1342
19512 19635
19512 19236
19512 38228
19512 15678
19512 24407
19512 48885
19512 27521
19512 565
19512 11969
19512 12332
19512 554
19512 15456
19512 5176
19512 41916
19512 1422
19512 10011
19512 19797
19512 30898
19512 30954
19512 15178
19512 9885
19512 45585
19512 27850
19512 1556
19512 22088
19512 27750
19512 33891
19512 5188
19512 47912
19512 45586
19512 43177
19512 21515
19512 1845
19512 35088
19512 12397
38485 1075
38485 19512
38485 19796
38485 24442
38485 41901
38485 30848
38485 21999
38485 34977
38485 27388
38485 30205
38485 40330
38485 12267
38485 36256
38485 5336
38485 35970
38485 36178
38485 27521
38485 565
38485 11969
38485 12332
38485 15178
38485 9885
38485 45585
38485 27850
38485 1556
38485 22088
38485 17038
38485 27685
38485 48885
38485 5263
38485 27318
38485 35030
38485 5004
38485 40207
38485 21685
38485 4944
38485 14021
38485 15800
38485 24451
38485 47912
38485 5188
19796 1075
19796 41901
19796 38485
19796 24442
19796 27318
19796 34977
19796 35030
19796 30205
50250 5210
50250 15209
50250 8444
50250 12059
50250 4969
50250 17108
50250 21993
50250 21617
50250 15800
50250 44401
50250 9736
50250 19862
50250 43701
50250 8855
50250 13867
50250 43638
50250 11834
50250 46744
50250 9903
50250 43515
50250 30372
44401 5210
44401 50250
27318 1075
27318 19796
27318 38485
27318 41901
34977 1075
34977 19796
34977 38485
34977 41901
35030 1075
35030 19796
35030 38485
35030 41901
30205 1075
30205 19796
30205 38485
30205 41901
5263 38485
5263 41901
24451 38485
24451 41901
21999 19512
21999 38485
21999 41901
20485 2367
20485 2718
20485 4225
20485 7628
20485 10948
20485 16484
20485 17854
20485 18017
20485 28947
20485 34602
20485 32438
20485 49114
20485 31292
20485 22891
20485 48748
20485 20700
20485 50497
20485 35335
20485 37805
20485 22903
20485 31162
38564 1128
1164 43398
1164 8869
43398 1164
8869 1164
27281 24322
15277 19512
21617 50250
48090 30907
11838 21752
21752 11838
30907 29963
30907 35017
30907 4933
30907 47961
30907 1170
30907 50259
30907 27644
30907 35131
30907 27768
30907 1651
30907 48980
30907 30221
30907 48895
30907 36215
30907 19866
30907 48090
30907 12089
29040 5912
29040 23740
29040 35437
29040 48629
29040 31732
29040 17579
29040 29249
29040 4399
29040 3263
29040 35360
29040 50385
29040 27026
29040 41432
29040 13504
29040 13167
29040 3567
1903 26601
1903 2699
1903 41490
51218 26601
51218 49161
51218 42396
51218 49349
17825 3911
17825 4348
17825 11044
17825 11322
17825 12551
17825 17576
17825 44719
17825 20026
17825 38922
17825 37748
17825 44206
17825 46392
17825 50632
17825 2890
17825 19930
17825 50431
17825 44194
17825 26380
17825 48791
4459 3210
4459 46284
4459 49237
4459 2123
4459 42061
4459 17922
4459 39208
4459 17710
4459 12727
4459 17273
4459 28445
4459 48365
4459 10492
4459 22607
4459 44068
4459 48577
4459 51169
4459 10286
4459 8954
4459 20456
3911 44719
3911 17576
3911 17825
3911 20026
3911 38922
3911 11322
3911 11044
3911 37748
3911 44206
3911 46392
3911 50632
26601 1903
26601 49161
26601 51218
26601 42396
26601 49349
26601 2699
26601 41490
26601 14152
26601 16784
2699 1903
2699 26601
41490 1903
41490 26601
36883 13104
36883 18978
36883 31792
36883 43880
43880 13104
43880 18978
43880 31792
43880 36883
20570 4450
20570 17741
20570 48689
20570 26593
34602 10948
34602 20484
34602 20485
34602 50497
7628 20485
7628 16484
7628 37805
7628 22903
7628 31162
2805 50705
20128 5676
20128 5680
20128 8915
20128 13471
20128 14403
20128 16064
20128 16539
20128 49235
20128 46296
20128 23037
20128 22794
20128 22301
20128 44916
20128 35430
20128 45836
20128 48457
20128 46306
20128 23014
2223 4194
2223 26446
2223 32913
2223 31507
2223 8607
2223 31551
2223 25365
2223 31706
2223 40819
2223 20419
2223 20301
2223 31306
2223 41230
2223 18435
2223 2721
2223 31049
2223 16775
2223 48457
4194 2223
4194 2721
4194 26446
4194 32913
4194 31507
4194 8607
4194 31551
4194 25365
4194 31706
4194 40819
4194 20419
4194 20301
4194 31306
4194 41230
4194 18435
4194 31049
4194 16775
4194 48457
26446 2223
26446 2721
26446 4194
26446 8607
26446 16775
26446 18435
26446 20301
26446 20419
26446 25365
26446 32913
26446 31507
26446 31551
26446 31706
26446 40819
26446 31306
26446 41230
26446 31049
26446 48457
32913 2223
32913 2721
32913 4194
32913 8607
32913 16775
32913 18435
32913 20301
32913 20419
32913 25365
32913 26446
32913 31049
32913 31306
32913 31507
32913 31551
32913 31706
32913 40819
32913 41230
32913 48457
31507 2223
31507 2721
31507 4194
31507 8607
31507 16775
31507 18435
31507 20301
31507 20419
31507 25365
31507 26446
31507 31049
31507 31306
31507 32913
31507 31551
31507 31706
31507 40819
31507 41230
31507 48457
8607 2223
8607 2721
8607 4194
8607 26446
8607 32913
8607 31507
8607 31551
8607 25365
8607 31706
8607 40819
8607 20419
8607 20301
8607 31306
8607 41230
8607 18435
8607 31049
8607 16775
8607 48457
31551 2223
31551 2721
31551 4194
31551 8607
31551 16775
31551 18435
31551 20301
31551 20419
31551 25365
31551 26446
31551 31049
31551 31306
31551 31507
31551 32913
31551 31706
31551 40819
31551 41230
31551 48457
25365 2223
25365 2721
25365 4194
25365 8607
25365 16775
25365 18435
25365 20301
25365 20419
25365 26446
25365 32913
25365 31507
25365 31551
25365 31706
25365 40819
25365 31306
25365 41230
25365 31049
25365 48457
31706 2223
31706 2721
31706 4194
31706 8607
31706 16775
31706 18435
31706 20301
31706 20419
31706 25365
31706 26446
31706 31049
31706 31306
31706 31507
31706 31551
31706 32913
31706 40819
31706 41230
31706 48457
40819 2223
40819 2721
40819 4194
40819 8607
40819 16775
40819 18435
40819 20301
40819 20419
40819 25365
40819 26446
40819 31049
40819 31306
40819 31507
40819 31551
40819 31706
40819 32913
40819 41230
40819 48457
20419 2223
20419 2721
20419 4194
20419 8607
20419 16775
20419 18435
20419 20301
20419 48457
20419 26446
20419 32913
20419 31507
20419 31551
20419 25365
20419 31706
20419 40819
20419 31306
20419 5713
20419 22593
20419 39340
20419 22688
20419 14742
20419 41230
20419 31049
48748 2718
48748 4225
48748 20485
48748 22891
48748 31292
48748 32438
48748 49114
20301 2223
20301 2721
20301 4194
20301 8607
20301 16775
20301 18435
20301 26446
20301 32913
20301 31507
20301 31551
20301 25365
20301 31706
20301 40819
20301 20419
20301 31306
20301 41230
20301 31049
20301 48457
31306 2223
31306 2721
31306 4194
31306 8607
31306 16775
31306 18435
31306 20301
31306 20419
31306 25365
31306 26446
31306 31049
31306 32913
31306 31507
31306 31551
31306 31706
31306 40819
31306 41230
31306 48457
41230 2223
41230 2721
41230 4194
41230 8607
41230 16775
41230 18435
41230 20301
41230 20419
41230 25365
41230 26446
41230 31049
41230 31306
41230 31507
41230 31551
41230 31706
41230 32913
41230 40819
41230 48457
18435 2223
18435 2721
18435 4194
18435 8607
18435 16775
18435 41230
18435 26446
18435 31706
18435 40819
18435 31551
18435 25365
18435 32913
18435 31507
18435 31049
18435 20419
18435 48457
18435 20301
18435 31306
2721 2223
2721 4194
2721 8607
2721 41230
2721 26446
2721 31706
2721 40819
2721 18435
2721 31551
2721 25365
2721 32913
2721 31507
2721 31049
2721 20419
2721 16775
2721 48457
2721 20301
2721 31306
31049 2223
31049 2721
31049 4194
31049 8607
31049 16775
31049 18435
31049 20301
31049 20419
31049 25365
31049 26446
31049 41230
31049 31706
31049 40819
31049 31551
31049 32913
31049 31507
31049 48457
31049 31306
16775 2223
16775 2721
16775 4194
16775 8607
16775 41230
16775 26446
16775 31706
16775 40819
16775 18435
16775 31551
16775 25365
16775 32913
16775 31507
16775 31049
16775 20419
16775 48457
16775 20301
16775 31306
48457 2223
48457 2721
48457 4194
48457 5676
48457 5680
48457 8607
48457 8915
48457 13471
48457 14403
48457 16064
48457 16539
48457 16775
48457 18435
48457 20128
48457 20301
48457 20419
48457 22301
48457 22794
48457 23014
48457 23037
48457 25365
48457 26446
48457 31049
48457 31306
48457 31507
48457 31551
48457 31706
48457 32913
48457 35430
48457 40819
48457 41230
48457 44916
48457 45836
48457 46296
48457 46306
48457 49235
2267 26467
2267 48434
2267 28505
2267 17220
2267 46089
2267 28079
2267 34550
2267 46111
2267 48450
2267 49109
2267 2836
2267 48463
2267 5693
2267 26442
2267 17156
2267 49120
2267 49100
2267 16064
2267 23014
26467 2267
26467 2836
26467 5693
26467 16064
26467 17156
26467 17220
26467 23014
26467 26442
26467 48434
26467 28505
26467 46089
26467 28079
26467 34550
26467 46111
26467 48450
26467 49109
26467 48463
26467 49120
26467 49100
48434 2267
48434 2836
48434 5693
48434 14329
48434 16064
48434 17156
48434 17220
48434 23014
48434 26442
48434 26467
48434 28079
48434 28505
48434 34550
48434 46089
48434 46111
48434 40843
48434 42330
48434 16535
48434 36828
48434 48461
48434 8979
48434 48450
48434 49109
48434 48463
48434 49120
48434 49100
28505 2267
28505 2836
28505 5693
28505 16064
28505 17156
28505 17220
28505 23014
28505 26442
28505 26467
28505 28079
28505 48434
28505 46089
28505 34550
28505 46111
28505 48450
28505 49109
28505 48463
28505 49120
28505 49100
17220 2267
17220 2836
17220 5693
17220 16064
17220 17156
17220 26467
17220 48434
17220 28505
17220 46089
17220 28079
17220 34550
17220 46111
17220 48450
17220 49109
17220 48463
17220 26442
17220 49120
17220 49100
17220 23014
46089 2267
46089 2836
46089 5693
46089 16064
46089 17156
46089 17220
46089 23014
46089 26442
46089 26467
46089 28079
46089 28505
46089 34550
46089 48434
46089 46111
46089 48450
46089 49109
46089 48463
46089 49120
46089 49100
28079 2267
28079 2836
28079 5693
28079 16064
28079 17156
28079 17220
28079 23014
28079 26442
28079 26467
28079 48434
28079 28505
28079 46089
28079 34550
28079 46111
28079 48450
28079 49109
28079 48463
28079 49120
28079 49100
34550 2267
34550 2836
34550 5693
34550 16064
34550 17156
34550 17220
34550 23014
34550 26442
34550 26467
34550 28079
34550 28505
34550 48434
34550 46089
34550 46111
34550 48450
34550 49109
34550 48463
34550 49120
34550 49100
46111 2267
46111 2836
46111 5693
46111 16064
46111 17156
46111 17220
46111 23014
46111 26442
46111 26467
46111 28079
46111 28505
46111 34550
46111 46089
46111 48434
46111 48450
46111 49109
46111 48463
46111 49120
46111 49100
48450 2267
48450 2836
48450 5693
48450 16064
48450 17156
48450 17220
48450 23014
48450 26442
48450 26467
48450 28079
48450 28505
48450 34550
48450 46089
48450 46111
48450 48434
48450 49109
48450 48463
48450 49120
48450 49100
49109 2267
49109 2836
49109 5693
49109 16064
49109 17156
49109 17220
49109 23014
49109 26442
49109 26467
49109 28079
49109 28505
49109 34550
49109 46089
49109 46111
49109 48434
49109 48450
49109 48463
49109 49100
49109 49120
2836 2267
2836 26467
2836 48434
2836 28505
2836 17220
2836 46089
2836 28079
2836 34550
2836 46111
2836 48450
2836 49109
2836 48463
2836 5693
2836 26442
2836 17156
2836 49120
2836 49100
2836 16064
2836 23014
48463 2267
48463 2836
48463 5693
48463 16064
48463 17156
48463 17220
48463 23014
48463 26442
48463 26467
48463 28079
48463 28505
48463 34550
48463 46089
48463 46111
48463 48434
48463 48450
48463 49109
48463 49120
48463 49100
5693 2267
5693 2836
5693 26467
5693 48434
5693 28505
5693 17220
5693 46089
5693 28079
5693 34550
5693 46111
5693 48450
5693 49109
5693 48463
5693 26442
5693 17156
5693 49120
5693 49100
5693 16064
5693 23014
26442 2267
26442 2836
26442 5693
26442 16064
26442 17156
26442 17220
26442 23014
26442 26467
26442 48434
26442 28505
26442 46089
26442 28079
26442 34550
26442 46111
26442 48450
26442 49109
26442 48463
26442 49120
26442 49100
17156 2267
17156 2836
17156 5693
17156 16064
17156 26467
17156 48434
17156 28505
17156 17220
17156 46089
17156 28079
17156 34550
17156 46111
17156 48450
17156 49109
17156 48463
17156 26442
17156 49120
17156 49100
17156 23014
49120 2267
49120 2836
49120 5693
49120 16064
49120 17156
49120 17220
49120 23014
49120 26442
49120 26467
49120 28079
49120 28505
49120 34550
49120 46089
49120 46111
49120 48434
49120 48450
49120 48463
49120 49100
49120 49109
49100 2267
49100 2836
49100 5693
49100 16064
49100 17156
49100 17220
49100 23014
49100 26442
49100 26467
49100 28079
49100 28505
49100 34550
49100 46089
49100 46111
49100 48434
49100 48450
49100 48463
49100 49109
49100 49120
16064 2267
16064 2836
16064 5676
16064 5680
16064 5693
16064 8915
16064 13471
16064 14403
16064 49235
16064 46296
16064 23037
16064 20128
16064 22794
16064 22301
16064 44916
16064 35430
16064 45836
16064 16539
16064 48457
16064 46306
16064 23014
16064 26467
16064 48434
16064 28505
16064 17220
16064 46089
16064 28079
16064 34550
16064 46111
16064 48450
16064 49109
16064 48463
16064 26442
16064 17156
16064 49120
16064 49100
23014 2267
23014 2836
23014 3405
23014 3909
23014 4348
23014 5676
23014 5680
23014 5693
23014 6580
23014 8561
23014 8915
23014 12551
23014 13471
23014 14403
23014 16064
23014 16539
23014 17156
23014 17220
23014 17303
23014 20128
23014 22301
23014 22794
23014 49235
23014 46296
23014 23037
23014 44916
23014 35430
23014 45836
23014 48457
23014 46306
23014 44451
23014 32670
23014 32101
23014 26467
23014 48434
23014 28505
23014 46089
23014 28079
23014 34550
23014 46111
23014 48450
23014 49109
23014 48463
23014 26442
23014 49120
23014 49100
23014 37748
23014 29322
23014 45142
23014 28296
23014 44194
23014 48791
2367 37805
2367 20485
37805 2367
37805 7628
37805 13358
37805 14809
37805 16484
37805 20485
37805 20681
37805 22903
37805 25033
37805 25177
37805 29055
37805 31162
37805 32572
37805 35335
37805 37635
37805 44193
37805 50319
37805 44020
37805 44119
37805 50497
37805 46218
37805 51062
28947 17854
28947 18017
28947 20485
28947 20700
39734 8719
39734 13571
39734 18672
39734 20700
39734 25490
35430 3909
35430 5676
35430 5680
35430 6580
35430 8561
35430 8915
35430 13471
35430 14403
35430 16064
35430 16539
35430 20128
35430 22301
35430 22794
35430 23014
35430 23037
35430 32101
35430 32670
35430 49235
35430 46296
35430 44916
35430 45836
35430 48457
35430 46306
35430 44451
44719 3911
44719 11044
44719 11322
44719 17576
44719 17825
44719 20026
44719 37748
44719 38922
44719 44206
44719 46392
44719 50632
17576 3911
17576 11044
17576 11322
17576 44719
17576 17825
17576 38922
17576 37748
17576 44206
17576 46392
17576 50632
17576 20026
23460 42356
23460 11432
23460 33236
23460 35395
23460 48686
23460 14426
10948 3863
10948 36657
10948 49743
10948 50414
10948 41385
10948 50497
10948 34602
10948 20485
29139 32352
29139 37564
29139 7472
29139 48496
29139 11530
29139 42383
29139 29150
29139 32501
29139 49058
29139 16042
29139 32105
29139 10804
29139 23175
29139 37701
29139 37664
29139 20022
29139 27926
49114 2718
49114 4225
49114 20485
49114 22891
49114 31292
49114 32438
49114 48748
32438 2718
32438 4225
32438 20485
32438 22891
32438 31292
32438 49114
32438 48748
31292 2718
31292 4225
31292 20485
31292 22891
31292 49114
31292 32438
31292 48748
4225 2718
4225 32438
4225 49114
4225 31292
4225 22891
4225 20485
4225 48748
2718 32438
2718 49114
2718 31292
2718 22891
2718 4225
2718 20485
2718 48748
22891 2718
22891 4225
22891 20485
22891 32438
22891 49114
22891 31292
22891 48748
37862 23405
37862 34422
37862 23568
37862 24884
37862 20618
37862 37746
37862 37941
37862 43912
37862 22336
37862 16142
37862 12448
37862 20367
37862 12897
37862 2383
37862 47482
37862 35180
37862 31571
37862 4276
37862 38771
37862 32722
37862 8634
37862 41173
37862 47314
37862 39234
37862 46963
37862 32698
37862 6828
37862 26029
37862 47319
37862 7371
37862 34315
37862 26753
37862 38873
37862 40975
37862 6291
37862 44746
37862 28589
37862 6979
37862 16909
37862 13233
37862 3412
37862 4499
37862 32734
50705 2805
17619 19220
17619 4200
17619 49772
17619 3104
17619 44608
17619 17710
23447 11481
23447 37090
23447 44134
23447 44568
23447 6027
23447 27943
23447 3353
23447 37573
23447 3429
23447 25185
23447 41390
23447 14355
23447 7469
23447 1907
23447 25555
23447 28733
23447 47449
23447 27994
23447 44690
23447 37869
23447 44530
23447 33609
23447 13029
23447 7338
2925 34419
2925 23405
2925 48681
2925 17647
2925 16446
34419 2925
34419 17647
34419 23405
34419 48681
48681 2925
48681 16446
48681 17647
48681 23405
48681 34419
48681 50437
48681 31134
48681 17718
48681 14369
48681 17787
48681 3438
48681 7658
48681 29245
17647 2925
17647 16446
17647 34419
17647 23405
17647 48681
16446 2925
16446 23405
16446 48681
16446 17647
31812 22197
31812 34101
31812 18926
31812 44899
31812 47344
31812 31815
31812 25427
31812 47495
31812 2245
31812 34218
31812 25498
31812 18931
31812 25484
31812 41858
31812 25402
31812 25408
31812 34611
31812 40979
31812 26814
31812 40980
31812 18934
22197 34218
22197 18926
22197 34101
22197 31812
22197 25498
22197 47344
22197 44899
22197 18931
22197 25484
22197 41858
22197 25402
22197 25408
22197 34611
22197 40979
22197 26814
22197 40980
27228 10686
27228 25421
27228 25501
27228 34925
27228 2364
27228 38892
27228 16988
27228 44653
27228 46176
27228 10475
27228 34212
27228 32409
27228 41242
27228 47459
34611 22197
34611 31812
34611 25699
34611 34218
34611 18926
34611 34101
34611 25498
34611 47344
34611 44899
34611 18931
34611 25484
34611 41858
34611 25402
34611 25408
34611 40979
34611 26814
34611 40980
34611 34340
34611 3987
34611 39393
34611 14665
34611 44802
34611 26500
34611 24793
34611 38887
34611 36638
34611 13643
34611 41714
34611 3035
3123 29055
3123 29003
3123 32520
29055 3123
29055 25177
29055 26532
29055 34479
29055 37805
29055 46382
29055 25941
29055 49315
29055 18911
29055 39009
29055 31726
29055 29003
29055 32520
29055 39696
29055 20596
29055 40754
29055 19990
29055 45014
29055 50525
29055 25626
29055 40954
29055 35514
29055 39017
29055 16479
29055 17516
29055 29212
29055 25219
29055 6673
29055 20627
29055 35359
25177 29055
25177 37805
29003 3123
29003 29055
32520 3123
32520 29055
42709 11332
42709 11396
42709 23426
42709 34519
42709 37945
42709 38732
42709 39269
20026 3911
20026 11044
20026 11322
20026 17576
20026 17825
20026 44719
20026 38922
20026 37748
20026 44206
20026 46392
20026 50632
38922 3911
38922 11044
38922 11322
38922 17576
38922 17825
38922 20026
38922 37748
38922 44719
38922 44206
38922 46392
38922 50632
11322 3911
11322 11044
11322 17825
11322 44719
11322 20026
11322 38922
11322 37748
11322 44206
11322 46392
11322 17576
11322 50632
26568 4452
26568 20579
26568 43977
26568 37678
26568 37816
26568 44009
26568 17751
26568 48775
26568 10977
26568 44206
26568 3811
26568 34431
26568 50592
26568 10900
26568 26662
26568 37748
26568 8689
26568 39805
26568 48317
26568 12554
26568 46470
26568 49213
26568 41175
26568 39832
26568 49284
26568 37429
26568 23180
26568 29019
26568 4443
26568 2416
26568 22367
26568 50678
26568 2030
26568 49825
26568 37695
34604 3535
34604 8579
34604 34846
34604 16505
34604 20703
34604 46053
34604 14332
34604 51055
2648 20502
44193 14809
44193 16504
44193 17735
44193 25033
44193 28890
44193 37805
44193 46255
44193 50319
17415 8413
17415 32080
17415 13453
17415 2011
17415 12659
17415 22425
17415 34379
3405 17303
3405 37748
3405 29322
3405 45142
3405 28296
3405 44194
3405 4348
3405 12551
3405 23014
3405 48791
17303 3405
17303 4348
17303 12551
17303 37748
17303 29322
17303 45142
17303 28296
17303 44194
17303 23014
17303 48791
37748 3405
37748 3911
37748 4348
37748 11044
37748 11322
37748 12551
37748 17303
37748 17576
37748 17825
37748 20026
37748 23014
37748 26568
37748 28296
37748 29322
37748 17710
37748 42061
37748 49772
37748 28714
37748 4338
37748 40957
37748 3328
37748 50703
37748 33580
37748 17670
37748 44206
37748 3811
37748 50855
37748 3371
37748 37674
37748 45142
37748 44194
37748 48791
37748 44719
37748 38922
37748 46392
37748 50632
37748 2890
37748 19930
37748 50431
37748 26380
37748 48775
37748 10977
37748 34431
37748 50592
37748 10900
37748 26662
37748 8689
37748 39805
37748 48317
37748 12554
37748 46470
37748 49224
37748 37537
37748 20843
29322 3405
29322 4348
29322 12551
29322 17303
29322 23014
29322 28296
29322 37748
29322 45142
29322 44194
29322 48791
45142 3405
45142 4348
45142 12551
45142 17303
45142 23014
45142 28296
45142 29322
45142 37748
45142 44194
45142 48791
28296 3405
28296 4348
28296 12551
28296 17303
28296 23014
28296 37748
28296 29322
28296 45142
28296 44194
28296 48791
44194 3405
44194 4348
44194 12551
44194 17303
44194 17825
44194 23014
44194 28296
44194 29322
44194 37748
44194 45142
44194 48791
44194 2890
44194 19930
44194 50431
44194 26380
44194 20843
4348 3405
4348 17303
4348 37748
4348 29322
4348 45142
4348 28296
4348 44194
4348 12551
4348 23014
4348 48791
4348 2890
4348 19930
4348 50431
4348 17825
4348 26380
4348 20843
12551 3405
12551 4348
12551 37748
12551 17303
12551 29322
12551 45142
12551 28296
12551 44194
12551 23014
12551 48791
12551 2890
12551 19930
12551 50431
12551 17825
12551 26380
12551 20843
48791 3405
48791 4348
48791 12551
48791 17303
48791 17825
48791 23014
48791 28296
48791 29322
48791 37748
48791 44194
48791 45142
48791 2890
48791 19930
48791 50431
48791 26380
48791 20843
3532 28503
3532 26664
3532 7063
3532 31484
3532 51175
3532 4176
3532 34871
3532 42712
3532 13368
3532 3533
3532 17584
3532 7054
3532 3594
3532 25299
3532 13166
3532 44013
3532 46387
17911 31880
28503 3532
26664 3532
7063 3532
18755 29016
31484 3532
31484 31880
51175 3532
4176 3532
23083 13166
23083 42712
23083 34871
23083 25267
23083 45107
23083 23090
23083 26951
23083 35400
23083 50636
23083 12542
23083 4415
23083 14794
23083 11038
23083 27933
23083 26482
23083 28982
23083 29098
25267 23083
25267 34871
25267 42712
25267 23090
25267 26951
34871 3532
34871 13368
34871 23083
34871 25267
34871 27933
34871 42712
34871 35400
34871 13166
34871 9214
34871 23090
34871 26951
34871 25299
34871 11038
34871 14794
34871 26482
42712 3532
42712 13368
42712 23083
42712 25267
42712 27933
42712 29016
42712 34871
42712 13166
42712 26669
42712 23090
42712 14794
42712 11038
42712 26951
42712 12542
42712 4415
42712 25299
42712 35400
42712 26482
42712 37176
42712 28982
42712 29098
42712 25269
42712 20813
42712 33356
42712 28023
17683 50544
17683 33199
17683 29016
17683 20740
17683 27933
17683 51057
17683 37005
17683 32780
13368 3532
13368 34871
13368 25299
13368 13166
13368 42712
13368 25574
13368 50003
13368 23353
3533 3532
17584 3532
7054 3532
3594 3532
25299 3532
25299 13368
25299 34871
25299 42712
13166 3532
13166 13368
13166 23083
13166 34871
13166 42712
44013 3532
46387 3532
13158 14347
35360 29040
16092 31880
3549 39711
3549 48481
3549 3803
3549 11551
3549 39358
3549 13295
3549 34729
3549 29171
3549 28105
3549 19150
3549 20268
3549 46855
3549 36532
3549 45960
3549 44931
3549 31619
3549 12299
3549 17331
3549 34591
3549 32613
3549 3542
3549 10754
3549 33327
3549 16776
3549 7288
3549 4013
3549 25935
3549 44444
3549 31710
3549 32001
3549 11006
3549 41478
3549 35542
3549 7222
39711 3549
39711 48481
48481 3549
48481 11551
48481 17481
48481 28105
48481 33350
48481 34729
48481 13535
48481 39711
48481 3803
48481 39358
48481 13295
48481 29171
48481 19150
48481 25935
48481 39197
48481 22875
48481 48669
48481 20268
48481 46855
48481 36532
48481 45960
48481 44931
48481 31619
48481 20201
48481 33264
48481 3758
48481 11554
48481 44496
48481 20658
48481 45161
48481 5967
48481 17296
48481 12299
48481 7288
48481 4013
48481 44444
48481 31710
48481 32001
48481 11006
48481 41478
48481 35542
48481 7222
48481 12861
48481 44232
48481 11631
48481 44535
48481 25319
48481 36907
48481 41711
48481 44495
48481 25318
3803 3549
3803 11551
3803 28105
3803 48481
11551 3549
11551 28105
11551 48481
11551 34729
11551 13535
11551 3803
11551 39358
11551 13295
11551 29171
11551 25935
11551 48669
11551 17296
11551 45161
11551 20201
11551 20268
11551 22875
11551 7288
11551 4013
11551 44444
11551 32001
11551 11006
11551 41478
11551 35542
11551 7222
11551 19150
11551 44232
11551 11631
11551 44535
11551 11554
11551 25319
11551 36907
11551 41711
11551 33264
11551 25318
39358 3549
39358 11551
39358 28105
39358 48481
13295 3549
13295 11551
13295 17481
13295 28105
13295 48481
34729 3549
34729 11551
34729 17481
34729 28105
34729 33350
34729 48481
29171 3549
29171 11551
29171 23430
29171 28105
29171 33425
29171 48481
28105 3549
28105 11551
28105 48481
28105 34729
28105 13535
28105 39358
28105 3803
28105 25935
28105 17296
28105 29171
28105 45161
28105 20201
28105 48669
28105 20268
28105 22875
28105 7288
28105 4013
28105 13295
28105 44444
28105 44232
28105 11631
28105 44535
28105 11554
28105 25319
28105 36907
28105 41711
28105 33264
28105 25318
14347 17570
14347 49240
14347 28446
14347 28700
14347 51304
14347 12490
14347 8912
14347 16490
14347 4387
14347 26919
14347 10792
14347 26485
14347 13158
14347 11020
14347 28406
14347 17699
14347 3280
19150 3549
19150 11551
19150 48481
44496 17481
44496 48481
20268 3549
20268 11551
20268 28105
20268 48481
46855 3549
46855 48481
36532 3549
36532 48481
45960 3549
45960 48481
44931 3549
44931 48481
31619 3549
31619 48481
12299 3549
12299 48481
17331 3549
34591 3549
32613 3549
3542 3549
10754 3549
33327 3549
16776 3549
7288 3549
7288 11551
7288 28105
7288 48481
4013 3549
4013 11551
4013 28105
4013 48481
25935 3549
25935 11551
25935 17481
25935 28105
25935 48481
44444 3549
44444 11551
44444 28105
44444 48481
31710 3549
31710 48481
32001 3549
32001 11551
32001 48481
11006 3549
11006 11551
11006 48481
41478 3549
41478 11551
41478 48481
35542 3549
35542 11551
35542 48481
7222 3549
7222 11551
7222 48481
49161 26601
49161 42396
49161 51218
49161 49349
49161 14152
49161 16784
3631 46297
3631 16823
3631 32693
3631 32860
3631 39347
3631 6975
3631 44476
3631 12685
3631 6470
3631 46545
3631 36661
3631 6464
3631 3813
3631 32275
3631 38733
3631 43932
3631 4106
46297 3631
46297 3813
46297 4106
46297 6464
46297 6470
46297 6975
46297 12685
46297 16823
46297 32275
46297 32693
46297 32860
46297 36661
46297 38733
46297 39347
46297 43932
46297 44476
46297 46545
16823 3631
16823 3813
16823 4106
16823 6464
16823 6470
16823 6975
16823 12685
16823 46297
16823 32693
16823 32860
16823 39347
16823 44476
16823 46545
16823 36661
16823 32275
16823 38733
16823 43932
32693 3631
32693 3813
32693 4106
32693 6464
32693 6470
32693 6975
32693 12685
32693 16823
32693 32275
32693 46297
32693 32860
32693 39347
32693 44476
32693 46545
32693 36661
32693 38733
32693 43932
32860 3631
32860 3813
32860 4106
32860 6464
32860 6470
32860 6975
32860 12685
32860 16823
32860 32275
32860 32693
32860 46297
32860 39347
32860 44476
32860 46545
32860 36661
32860 38733
32860 43932
39347 3631
39347 3813
39347 4106
39347 6464
39347 6470
39347 6975
39347 12685
39347 16823
39347 32275
39347 32693
39347 32860
39347 36661
39347 38733
39347 46297
39347 44476
39347 46545
39347 43932
6975 3631
6975 3813
6975 4106
6975 6464
6975 6470
6975 46297
6975 16823
6975 32693
6975 32860
6975 39347
6975 44476
6975 12685
6975 46545
6975 36661
6975 32275
6975 38733
6975 43932
44476 3631
44476 3813
44476 4106
44476 6464
44476 6470
44476 6975
44476 12685
44476 16823
44476 32275
44476 32693
44476 32860
44476 36661
44476 38733
44476 39347
44476 43932
44476 46297
44476 46545
12685 3631
12685 3813
12685 4106
12685 6464
12685 6470
12685 6975
12685 46297
12685 16823
12685 32693
12685 32860
12685 39347
12685 44476
12685 46545
12685 36661
12685 32275
12685 38733
12685 43932
6470 3631
6470 3813
6470 4106
6470 6464
6470 46297
6470 16823
6470 32693
6470 32860
6470 39347
6470 6975
6470 44476
6470 12685
6470 46545
6470 36661
6470 32275
6470 38733
6470 43932
46545 3631
46545 3813
46545 4106
46545 6464
46545 6470
46545 6975
46545 12685
46545 16823
46545 32275
46545 32693
46545 32860
46545 36661
46545 38733
46545 39347
46545 43932
46545 44476
46545 46297
36661 3631
36661 3813
36661 4106
36661 6464
36661 6470
36661 6975
36661 12685
36661 16823
36661 32275
36661 32693
36661 32860
36661 46297
36661 39347
36661 44476
36661 46545
36661 38733
36661 43932
6464 3631
6464 3813
6464 4106
6464 46297
6464 16823
6464 32693
6464 32860
6464 39347
6464 6975
6464 44476
6464 12685
6464 6470
6464 46545
6464 36661
6464 32275
6464 38733
6464 43932
3813 3631
3813 46297
3813 16823
3813 32693
3813 32860
3813 39347
3813 6975
3813 44476
3813 12685
3813 6470
3813 46545
3813 36661
3813 6464
3813 32275
3813 38733
3813 43932
3813 4106
32275 3631
32275 3813
32275 4106
32275 6464
32275 6470
32275 6975
32275 12685
32275 16823
32275 46297
32275 32693
32275 32860
32275 39347
32275 44476
32275 46545
32275 36661
32275 38733
32275 43932
38733 3631
38733 3813
38733 4106
38733 6464
38733 6470
38733 6975
38733 12685
38733 16823
38733 32275
38733 32693
38733 32860
38733 36661
38733 46297
38733 39347
38733 44476
38733 46545
38733 43932
43932 3631
43932 3813
43932 4106
43932 6464
43932 6470
43932 6975
43932 12685
43932 16823
43932 32275
43932 32693
43932 32860
43932 36661
43932 38733
43932 39347
43932 33571
43932 48777
43932 25124
43932 3632
43932 50384
43932 29120
43932 46297
43932 44476
43932 46545
43932 48655
43932 3963
43932 8641
43932 29185
43932 33233
43932 11462
4106 3631
4106 3813
4106 46297
4106 16823
4106 32693
4106 32860
4106 39347
4106 6975
4106 44476
4106 12685
4106 6470
4106 46545
4106 36661
4106 6464
4106 32275
4106 38733
4106 43932
46253 4047
46253 10697
46253 22750
46253 22844
46253 23244
46253 25986
46253 34390
46253 37051
46253 37093
46253 46966
10945 16702
10945 25219
10945 13134
10945 13389
10945 11014
10945 46388
10945 49737
8920 49400
8920 39096
8920 3743
8920 22914
8920 49349
37527 5801
37527 11199
37527 37814
37527 18048
37527 39211
37527 20711
37527 5865
37527 50791
37527 9068
37527 29333
37527 46981
20556 13358
20556 49713
49751 20540
49751 4105
3863 10948
3863 36657
3863 49743
3863 50414
3863 41385
36657 3863
36657 10948
36657 49743
36657 50414
36657 41385
49743 3863
49743 10948
49743 36657
49743 41385
49743 50414
50414 3863
50414 10948
50414 36657
50414 41385
50414 49743
50414 39783
50414 4447
50414 2085
50414 20614
50414 44184
50414 10897
41385 3863
41385 10948
41385 36657
41385 49743
41385 50414
3909 49235
3909 6580
3909 35430
3909 22301
3909 8561
3909 44451
3909 32670
3909 14403
3909 46306
3909 32101
3909 23014
3909 5676
49235 3909
49235 5676
49235 5680
49235 5804
49235 6580
49235 8561
49235 8915
49235 13471
49235 14403
49235 16064
49235 16539
49235 20128
49235 22301
49235 22794
49235 23014
49235 23037
49235 32101
49235 32670
49235 35430
49235 44451
49235 44916
49235 45836
49235 46296
49235 46306
49235 48457
49235 22885
49235 42435
49235 23767
49235 35353
49235 23669
49235 42727
49235 20024
49235 3138
49235 6594
49235 18805
49235 22629
49235 8559
49235 17404
49235 46363
6580 3909
6580 5676
6580 49235
6580 35430
6580 22301
6580 8561
6580 44451
6580 32670
6580 14403
6580 46306
6580 32101
6580 23014
22301 3909
22301 5676
22301 5680
22301 6580
22301 8561
22301 8915
22301 13471
22301 14403
22301 16064
22301 16539
22301 20128
22301 49235
22301 46296
22301 23037
22301 22794
22301 44916
22301 35430
22301 45836
22301 48457
22301 46306
22301 23014
22301 44451
22301 32670
22301 32101
8561 3909
8561 5676
8561 6580
8561 49235
8561 35430
8561 22301
8561 44451
8561 32670
8561 14403
8561 46306
8561 32101
8561 23014
44451 3909
44451 5676
44451 6580
44451 8561
44451 14403
44451 22301
44451 23014
44451 32101
44451 32670
44451 35430
44451 49235
44451 46306
32670 3909
32670 5676
32670 6580
32670 8561
32670 14403
32670 22301
32670 23014
32670 32101
32670 49235
32670 35430
32670 44451
32670 46306
14403 3909
14403 5676
14403 5680
14403 6580
14403 8561
14403 8915
14403 13471
14403 49235
14403 46296
14403 23037
14403 20128
14403 22794
14403 22301
14403 44916
14403 35430
14403 45836
14403 16539
14403 48457
14403 46306
14403 16064
14403 23014
14403 44451
14403 32670
14403 32101
46306 3909
46306 5676
46306 5680
46306 6580
46306 8561
46306 8915
46306 13471
46306 14403
46306 16064
46306 16539
46306 20128
46306 22301
46306 22794
46306 23014
46306 23037
46306 32101
46306 32670
46306 35430
46306 44451
46306 44916
46306 45836
46306 46296
46306 49235
46306 48457
32101 3909
32101 5676
32101 6580
32101 8561
32101 14403
32101 22301
32101 23014
32101 49235
32101 35430
32101 44451
32101 32670
32101 46306
5676 3909
5676 5680
5676 49235
5676 46296
5676 23037
5676 20128
5676 22794
5676 22301
5676 44916
5676 35430
5676 45836
5676 13471
5676 16539
5676 48457
5676 46306
5676 14403
5676 16064
5676 8915
5676 23014
5676 6580
5676 8561
5676 44451
5676 32670
5676 32101
11044 3911
11044 44719
11044 17825
11044 11322
11044 38922
11044 37748
11044 44206
11044 46392
11044 17576
11044 50632
11044 20026
44206 3911
44206 11044
44206 11322
44206 17576
44206 17825
44206 20026
44206 26568
44206 37748
44206 38922
44206 3811
44206 33501
44206 18760
44206 7280
44206 6141
44206 5829
44206 41552
44206 14330
44206 7290
44206 7622
44206 12552
44206 6034
44206 14312
44206 26856
44206 1986
44206 44719
44206 46392
44206 50632
44206 48775
44206 10977
44206 34431
44206 50592
44206 10900
44206 26662
44206 8689
44206 39805
44206 48317
44206 12554
44206 46470
46392 3911
46392 11044
46392 11322
46392 17576
46392 17825
46392 20026
46392 37748
46392 38922
46392 44206
46392 44719
46392 50632
50632 3911
50632 11044
50632 11322
50632 17576
50632 17825
50632 20026
50632 37748
50632 38922
50632 44206
50632 44719
50632 46392
37844 7277
16484 6755
16484 7628
16484 37805
16484 22903
16484 31162
16484 20485
16484 46218
16484 44020
16484 51062
16484 42634
4047 25986
4047 23244
4047 46253
4047 10697
4047 22844
4047 37093
4047 46966
4047 22750
4047 34390
4047 37051
25986 4047
25986 23244
25986 46253
23244 4047
23244 25986
23244 46253
10697 4047
10697 22844
10697 37093
10697 46966
10697 22750
10697 34390
10697 46253
22844 4047
22844 10697
22844 22750
22844 37093
22844 46966
22844 34390
22844 46253
22844 37051
37093 4047
37093 10697
37093 22750
37093 22844
37093 34390
37093 46966
37093 46253
46966 4047
46966 10697
46966 22750
46966 22844
46966 34390
46966 37093
46966 46253
22750 4047
22750 10697
22750 22844
22750 37093
22750 46966
22750 34390
22750 46253
34390 4047
34390 10697
34390 22750
34390 22844
34390 37093
34390 46966
34390 46253
37051 4047
37051 22844
37051 46253
33554 5801
33554 11199
33554 3781
33554 11288
33554 3086
33554 14390
33554 31095
2890 4348
2890 12551
2890 17825
2890 37748
2890 44194
2890 48791
19930 4348
19930 12551
19930 17825
19930 37748
19930 44194
19930 48791
50431 4348
50431 12551
50431 17825
50431 37748
50431 44194
50431 48791
26380 4348
26380 12551
26380 17825
26380 37748
26380 44194
26380 48791
20843 4348
20843 12551
20843 37748
20843 44194
20843 48791
45836 5676
45836 5680
45836 8915
45836 13471
45836 14403
45836 16064
45836 16539
45836 20128
45836 22301
45836 22794
45836 23014
45836 23037
45836 35430
45836 44916
45836 49235
45836 46296
45836 48457
45836 46306
11444 48739
11444 50439
11444 17760
11444 32375
5804 22885
5804 42435
5804 23767
5804 35353
5804 23669
5804 42727
5804 20024
5804 3138
5804 6594
5804 49235
5804 18805
5804 22629
5804 8559
5804 17404
5804 46363
4441 23845
4441 29129
4441 36859
4441 42021
4441 44103
4441 44180
4441 37737
4441 37757
4441 26670
4441 17834
4441 11476
4441 16085
4441 33280
4441 6403
4441 17923
4441 48579
4441 48796
4441 44079
7522 32165
7522 25584
7522 11580
7522 8626
7522 3120
7522 50467
7522 6400
7522 3098
7522 16176
7522 5841
7522 25586
7522 32949
7522 47395
7522 48400
7522 41125
7522 4492
37945 11396
37945 34519
37945 42709
37945 38732
37945 39269
20502 2648
23426 11332
23426 42709
23845 4441
29129 4441
29129 44196
36859 4441
42021 4441
42021 48796
42021 44079
44103 4441
44180 4441
44180 37737
37737 4441
37737 33280
37737 44180
37737 37757
37757 4441
37757 6403
37757 37737
26670 4441
17834 4441
11476 4441
16085 4441
33280 4441
33280 37737
6403 4441
6403 37757
17923 4441
17923 48579
48579 4441
48579 17923
48796 4441
48796 42021
48796 44079
48796 37831
44079 4441
44079 42021
44079 48796
27979 34723
27979 17474
27979 37022
27979 46693
27979 42107
27979 45861
27979 29438
4450 48689
4450 20570
48689 4450
48689 20570
48689 27931
48689 44992
48689 19085
48689 37496
3210 4459
46284 4459
49237 4459
2123 4459
42061 4459
42061 37748
17922 4459
39208 4459
17710 4459
17710 17619
17710 37748
12727 4459
17273 4459
28445 4459
48365 4459
10492 4459
22607 4459
44068 4459
48577 4459
51169 4459
10286 4459
8954 4459
20456 4459
20647 17735
26876 17735
13195 17735
25096 41373
25096 17916
25096 14116
25096 26937
25096 28953
25096 28508
37869 23447
37869 3353
37869 17520
37869 44036
37869 39307
37869 22368
37869 3377
37869 25185
23415 17781
23415 20744
23415 12506
23415 26358
23415 6566
23415 49349
23415 3743
23415 49234
23415 42396
23415 44045
23415 51180
23415 14427
23415 18797
23415 46308
23415 25266
23415 32448
23415 26388
43638 5210
43638 50250
12267 19512
12267 38485
12267 41901
565 19512
565 38485
565 41901
4969 5210
4969 50250
11834 5210
11834 50250
46744 5210
46744 50250
8444 5210
8444 50250
43701 5210
43701 50250
21993 5210
21993 50250
9736 5210
9736 50250
15209 5210
15209 50250
9903 5210
9903 50250
12059 5210
12059 50250
14021 38485
14021 41901
24476 41901
11969 19512
11969 38485
11969 41901
5336 38485
5336 41901
17481 48481
17481 34729
17481 20201
17481 33264
17481 3758
17481 11554
17481 13295
17481 44496
17481 20658
17481 25935
17481 45161
17481 5967
17481 33350
17481 12861
5680 5676
5680 49235
5680 46296
5680 23037
5680 20128
5680 22794
5680 22301
5680 44916
5680 35430
5680 45836
5680 13471
5680 16539
5680 48457
5680 46306
5680 14403
5680 16064
5680 8915
5680 23014
46296 5676
46296 5680
46296 8915
46296 13471
46296 14403
46296 16064
46296 16539
46296 20128
46296 22301
46296 22794
46296 23014
46296 23037
46296 35430
46296 44916
46296 45836
46296 49235
46296 48457
46296 46306
23037 5676
23037 5680
23037 8915
23037 13471
23037 14403
23037 16064
23037 16539
23037 20128
23037 22301
23037 22794
23037 23014
23037 49235
23037 46296
23037 44916
23037 35430
23037 45836
23037 48457
23037 46306
22794 5676
22794 5680
22794 8915
22794 13471
22794 14403
22794 16064
22794 16539
22794 20128
22794 22301
22794 49235
22794 46296
22794 23037
22794 44916
22794 35430
22794 45836
22794 48457
22794 46306
22794 23014
44916 5676
44916 5680
44916 8915
44916 13471
44916 14403
44916 16064
44916 16539
44916 20128
44916 22301
44916 22794
44916 23014
44916 23037
44916 35430
44916 49235
44916 46296
44916 45836
44916 48457
44916 46306
13471 5676
13471 5680
13471 8915
13471 49235
13471 46296
13471 23037
13471 20128
13471 22794
13471 22301
13471 44916
13471 35430
13471 45836
13471 16539
13471 48457
13471 46306
13471 14403
13471 16064
13471 23014
16539 5676
16539 5680
16539 8915
16539 13471
16539 14403
16539 16064
16539 49235
16539 46296
16539 23037
16539 20128
16539 22794
16539 22301
16539 44916
16539 35430
16539 45836
16539 48457
16539 46306
16539 23014
8915 5676
8915 5680
8915 49235
8915 46296
8915 23037
8915 20128
8915 22794
8915 22301
8915 44916
8915 35430
8915 45836
8915 13471
8915 16539
8915 48457
8915 46306
8915 14403
8915 16064
8915 23014
5801 3781
5801 11288
5801 3086
5801 14390
5801 33554
5801 11199
5801 31095
5801 37814
5801 18048
5801 39211
5801 20711
5801 5865
5801 50791
5801 9068
5801 29333
5801 37527
5801 46981
3781 5801
3781 11199
3781 33554
11288 5801
11288 11199
11288 33554
3086 5801
3086 11199
3086 33554
14390 5801
14390 11199
14390 33554
11199 5801
11199 3781
11199 11288
11199 3086
11199 14390
11199 33554
11199 31095
11199 37814
11199 18048
11199 39211
11199 20711
11199 5865
11199 50791
11199 9068
11199 29333
11199 37527
11199 46981
31095 5801
31095 11199
31095 33554
51062 16484
51062 37805
51062 44020
51062 46218
37814 5801
37814 11199
37814 37527
18048 5801
18048 11199
18048 37527
39211 5801
39211 11199
39211 37527
20711 5801
20711 11199
20711 37527
5865 5801
5865 11199
5865 37527
50791 5801
50791 11199
50791 37527
9068 5801
9068 11199
9068 37527
29333 5801
29333 11199
29333 37527
46981 5801
46981 11199
46981 37527
22885 5804
22885 49235
42435 5804
42435 49235
23767 5804
23767 49235
35353 5804
35353 49235
23669 5804
23669 49235
42727 5804
42727 49235
20024 5804
20024 49235
3138 5804
3138 49235
6594 5804
6594 49235
18805 5804
18805 49235
22629 5804
22629 49235
8559 5804
8559 49235
17404 5804
17404 49235
46363 5804
46363 49235
5889 13358
5889 31715
5889 50780
31715 5889
31715 13358
31715 25630
31715 48570
31715 8966
31715 7546
31715 20313
31715 47350
31715 4343
31715 39246
31715 50780
50780 5889
50780 13358
50780 31715
50780 17881
50780 28534
50780 49300
50780 46565
50780 49438
50780 20040
50780 3368
50780 37423
50780 23455
29112 5912
23605 5912
49180 5912
35437 5912
35437 23740
35437 29040
35437 48629
48629 5912
48629 23740
48629 26873
48629 29040
48629 39797
48629 35437
48629 31732
48629 17579
48629 29249
48629 4399
48629 39009
48629 13409
48629 44139
48629 50453
48629 16134
48629 32805
48629 28432
48629 2963
48629 50916
31732 5912
31732 23740
31732 29040
31732 48629
44045 17781
44045 20744
44045 23415
3377 37869
23740 5912
23740 6407
23740 48629
23740 51110
23740 3539
23740 13423
23740 31732
23740 35437
23740 29040
23740 17579
23740 29249
23740 4399
23740 44139
23740 16495
23740 33300
23740 39009
23740 26873
23740 27594
23740 22094
23740 24637
23740 43876
23740 11307
17579 5912
17579 23740
17579 29040
17579 48629
29249 5912
29249 23740
29249 29040
29249 48629
4399 5912
4399 23740
4399 29040
4399 48629
42115 5912
23620 5912
11066 5912
29016 17683
29016 20740
29016 27933
29016 50544
29016 33199
29016 11518
29016 18755
29016 51057
29016 37005
29016 45107
29016 39693
29016 25658
29016 35400
29016 48717
29016 42712
29016 26669
29016 25269
29016 20813
39783 50414
48669 11551
48669 28105
48669 48481
37914 17735
44646 5912
18766 5912
3238 5912
42675 5912
49339 5912
7644 5912
11393 5912
11393 5950
37619 5912
50388 5912
46567 5912
51187 5912
23430 45162
23430 17995
23430 29171
33425 37743
33425 45162
33425 49648
33425 29171
42607 29145
16504 9077
16504 49511
16504 14805
16504 14824
16504 17735
16504 46255
16504 28890
16504 44193
5917 50478
5917 29140
5917 7507
5917 44154
5917 7524
5917 13346
5917 13031
5917 17559
5917 14149
5917 29346
5917 17397
5917 34530
5917 23661
5917 5570
5917 12548
5917 25014
50478 5917
29140 5917
7507 5917
44154 5917
7524 5917
13346 5917
13031 5917
17559 5917
14149 5917
29346 5917
29346 27918
17397 5917
34530 5917
23661 5917
5570 5917
12548 5917
25014 5917
17591 39819
17591 3445
17591 31056
27918 38932
27918 34583
27918 9240
27918 48485
27918 29150
27918 22968
27918 29346
27918 2985
5950 1970
5950 44619
5950 14151
5950 33333
5950 6494
5950 29259
5950 48546
5950 46557
5950 20042
5950 13525
5950 7516
5950 11180
5950 3354
5950 32973
5950 11393
17735 16504
17735 44193
17735 46255
17735 2451
17735 50831
17735 39823
17735 23610
17735 19979
17735 13195
17735 3373
17735 20647
17735 23608
17735 22987
17735 26876
17735 28890
17735 34446
17735 9163
17735 8360
17735 46074
17735 32372
17735 17883
17735 37153
17735 23506
17735 44054
17735 37914
17735 26635
17735 37160
17735 37873
17735 26840
17735 3267
17735 42263
17735 28963
17735 2486
17735 13477
17785 9023
17785 46286
1970 5950
44619 5950
14151 5950
33333 5950
6494 5950
29259 5950
48546 5950
46557 5950
20042 5950
13525 5950
7516 5950
11180 5950
3354 5950
32973 5950
32094 40942
32094 26360
32094 2477
32094 44285
32094 37371
32094 36689
32094 6769
32094 20808
32094 49098
32094 17626
32094 6731
32094 20459
32094 6107
32094 17969
32094 6108
39819 17591
39819 3445
39819 31056
39819 3867
39819 12948
6362 10361
6362 22312
6362 36911
6362 28038
6362 40843
11332 42709
11332 23426
10361 6362
22312 6362
36911 6362
28038 6362
40843 6362
40843 14329
40843 48434
6755 16484
6755 42634
42634 6755
42634 16484
51057 17683
51057 27933
51057 29016
51057 37005
51057 50544
50544 17683
50544 20740
50544 27933
50544 29016
50544 33199
50544 37005
50544 48717
50544 51057
50544 3441
50544 9163
50544 44029
50544 44501
33199 17683
33199 20740
33199 27933
33199 29016
33199 50544
23353 13368
23353 3783
23353 25574
23353 50003
20740 17683
20740 50544
20740 33199
20740 29016
20740 27933
7277 37844
32165 7522
25584 7522
11580 7522
8626 7522
3120 7522
50467 7522
6400 7522
3098 7522
16176 7522
5841 7522
25586 7522
32949 7522
47395 7522
48400 7522
41125 7522
4492 7522
20025 45107
20025 6103
22903 7628
22903 16484
22903 20485
22903 37805
22903 31162
31162 7628
31162 16484
31162 20485
31162 22903
31162 37805
27921 2468
25412 10686
25412 44653
25412 32140
25412 38023
25412 2702
25412 28258
25412 25421
25412 32136
25412 23219
25412 8489
25412 7472
25412 47416
25412 39500
25412 44652
25412 47445
25412 43140
25412 47455
25412 36626
25412 19006
25412 41207
25412 8463
25412 25501
25412 44789
25412 27829
44653 10686
44653 25412
44653 25421
44653 25501
44653 27228
44653 27829
44653 32140
44653 38023
44653 41242
44653 2702
44653 28258
44653 34925
44653 2364
44653 38892
44653 16988
44653 46176
44653 10475
44653 34212
44653 32409
44653 47459
44653 43140
44653 47455
44653 36626
44653 19006
44653 41207
44653 8463
44653 44789
10686 25412
10686 44653
10686 32140
10686 38023
10686 41242
10686 2702
10686 28258
10686 25421
10686 34925
10686 27228
10686 2364
10686 38892
10686 16988
10686 25501
10686 46176
10686 10475
10686 34212
10686 32409
10686 47459
10686 43140
10686 47455
10686 36626
10686 19006
10686 41207
10686 8463
10686 44789
10686 27829
25421 10686
25421 25412
25421 44653
25421 32140
25421 38023
25421 41242
25421 2702
25421 28258
25421 34925
25421 27228
25421 2364
25421 38892
25421 16988
25421 25501
25421 46176
25421 10475
25421 34212
25421 32409
25421 47459
25421 43140
25421 47455
25421 36626
25421 19006
25421 41207
25421 8463
25421 44789
25421 27829
25501 10686
25501 25412
25501 25421
25501 34925
25501 27228
25501 2364
25501 38892
25501 16988
25501 44653
25501 46176
25501 10475
25501 34212
25501 32409
25501 41242
25501 47459
25501 43140
25501 47455
25501 38023
25501 32140
25501 36626
25501 19006
25501 2702
25501 28258
25501 41207
25501 8463
25501 44789
25501 27829
47459 10686
47459 25421
47459 25501
47459 27228
47459 44653
47459 34925
47459 2364
47459 38892
47459 16988
47459 46176
47459 10475
47459 34212
47459 32409
47459 41242
8719 39734
8719 20700
8719 18672
8719 13571
8719 25490
18672 8719
18672 13571
18672 39734
18672 20700
18672 25490
13571 8719
13571 39734
13571 20700
13571 18672
13571 25490
25490 8719
25490 13571
25490 18672
25490 20700
25490 39734
49400 8920
39096 8920
3743 8920
3743 23415
22914 8920
49349 8920
49349 23415
49349 26601
49349 49161
49349 51218
45788 8951
45788 37872
45788 39922
24759 8951
24759 37872
24759 39922
10712 8951
10712 37872
10712 39922
41176 8951
41176 37872
41176 39922
22223 8951
22223 37872
22223 39922
25382 8951
25382 37872
25382 39922
32222 8951
32222 37872
32222 39922
2580 8951
2580 37872
2580 39922
28844 8951
28844 37872
28844 39922
44292 8951
44292 37872
44292 39922
46230 8951
46230 37872
46230 39922
45791 8951
45791 37872
45791 39922
7198 8951
7198 37872
7198 39922
35194 8951
35194 37872
35194 39922
23401 8951
23401 37872
23401 39922
3067 8951
3067 37872
3067 39922
31333 8951
31333 37872
31333 39922
37872 8951
37872 39922
37872 45788
37872 24759
37872 10712
37872 41176
37872 22223
37872 25382
37872 32222
37872 2580
37872 28844
37872 44292
37872 46230
37872 45791
37872 7198
37872 35194
37872 23401
37872 3067
37872 31333
8982 2772
8982 39272
8982 28050
8982 28058
8982 26447
8982 17209
8982 39271
8982 9168
8982 22841
8982 46304
29120 43932
2772 8982
39272 8982
28050 8982
28058 8982
26447 8982
17209 8982
39271 8982
9168 8982
22841 8982
46304 8982
9023 28330
9023 34855
9023 28963
9023 39173
9023 20584
9023 4499
9023 28958
9023 44468
9023 33190
9023 29145
9023 35374
9023 20526
9023 17347
9023 50560
9023 46286
9023 50322
9023 42744
9023 45166
9023 49069
9023 17785
9023 28936
9023 44463
9023 20578
9023 44152
9023 9156
9023 2562
9023 6483
9023 16689
9023 8674
9023 2345
9023 2340
9023 16712
9023 39546
9023 25426
9023 10929
9023 8629
9023 49581
9023 9194
9023 37727
9023 36601
9023 11207
9023 42164
9023 31488
9023 3543
9023 39376
9023 26376
9023 4390
9023 22189
9023 6196
9023 31537
9023 14734
9023 42692
9023 23763
9023 42804
9023 3919
28330 9023
28330 46286
34855 9023
34855 46286
28963 9023
28963 17735
39173 9023
39173 46286
20584 9023
20584 46286
4499 9023
4499 37862
4499 46286
28958 9023
44468 9023
44468 46286
33190 9023
29145 9023
29145 6906
29145 3014
29145 20644
29145 35374
29145 20526
29145 17347
29145 50560
29145 42744
29145 20732
29145 6692
29145 31488
29145 3543
29145 49828
29145 10380
29145 31309
29145 44611
29145 12942
29145 46420
29145 23017
29145 36711
29145 31825
29145 42607
35374 9023
35374 29145
20526 9023
20526 29145
17347 9023
17347 29145
50560 9023
50560 29145
46286 9023
46286 20584
46286 28330
46286 4499
46286 39173
46286 34855
46286 44468
46286 17785
46286 28936
50322 9023
42744 9023
42744 29145
45166 9023
49069 9023
28936 9023
28936 46286
48634 13459
44463 9023
20578 9023
44152 9023
9156 9023
2562 9023
6483 9023
16689 9023
8674 9023
2345 9023
2340 9023
16712 9023
39546 9023
25426 9023
10929 9023
8629 9023
49581 9023
9194 9023
37727 9023
36601 9023
11207 9023
42164 9023
31488 9023
31488 29145
3543 9023
3543 29145
39376 9023
26376 9023
4390 9023
22189 9023
6196 9023
31537 9023
14734 9023
42692 9023
23763 9023
42804 9023
3919 9023
17520 37869
46693 27979
46693 17474
46693 37022
46693 42107
49727 37573
49727 23765
49727 23059
49727 44568
49727 26275
46255 16504
46255 17735
46255 28890
46255 44193
33350 17481
33350 12861
33350 33264
33350 34729
33350 48481
36179 48094
36179 30730
36179 43515
36179 36256
36179 24516
36179 38240
36179 1797
36179 10217
36179 27768
36179 43261
36179 17108
36179 15479
47863 19559
32140 10686
32140 25412
32140 25421
32140 25501
32140 27829
32140 44653
38023 10686
38023 25412
38023 25421
38023 25501
38023 27829
38023 44653
41242 10686
41242 25421
41242 25501
41242 27228
41242 44653
41242 47459
2702 10686
2702 25412
2702 25421
2702 25501
2702 27829
2702 44653
28258 10686
28258 25412
28258 25421
28258 25501
28258 27829
28258 44653
34925 10686
34925 25421
34925 25501
34925 27228
34925 44653
34925 47459
2364 10686
2364 25421
2364 25501
2364 27228
2364 44653
2364 47459
38892 10686
38892 25421
38892 25501
38892 27228
38892 44653
38892 47459
16988 10686
16988 25421
16988 25501
16988 27228
16988 44653
16988 47459
46176 10686
46176 25421
46176 25501
46176 27228
46176 44653
46176 47459
10475 10686
10475 25421
10475 25501
10475 27228
10475 44653
10475 47459
34212 10686
34212 25421
34212 25501
34212 27228
34212 44653
34212 47459
32409 10686
32409 25421
32409 25501
32409 27228
32409 44653
32409 47459
43140 10686
43140 25412
43140 25421
43140 25501
43140 27829
43140 44653
47455 10686
47455 25412
47455 25421
47455 25501
47455 27829
47455 44653
36626 10686
36626 25412
36626 25421
36626 25501
36626 27829
36626 44653
19006 10686
19006 25412
19006 25421
19006 25501
19006 27829
19006 44653
41207 10686
41207 25412
41207 25421
41207 25501
41207 27829
41207 44653
8463 10686
8463 25412
8463 25421
8463 25501
8463 27829
8463 44653
44789 10686
44789 25412
44789 25421
44789 25501
44789 27829
44789 44653
27829 10686
27829 25412
27829 25421
27829 25501
27829 43140
27829 44653
27829 47455
27829 38023
27829 32140
27829 36626
27829 19006
27829 2702
27829 28258
27829 41207
27829 8463
27829 44789
16702 10945
25219 10945
25219 29055
13134 10945
13389 10945
11014 10945
46388 10945
49737 10945
13453 17415
50497 10948
50497 20485
50497 34602
50497 35335
50497 37805
11221 11277
11221 18513
11221 22782
11221 13654
11277 11221
18513 11221
18513 13654
18513 10312
18513 31750
18513 5720
18513 13082
18513 22782
22782 11221
22782 13654
22782 18513
13654 11221
13654 17661
13654 29261
13654 18513
13654 22782
49308 16149
49308 44944
49308 39235
49308 49155
49308 31241
49308 40905
49308 6660
49308 24880
49308 10643
42057 36542
42057 38885
42057 16666
11250 11389
11250 22997
11250 37538
11389 11250
22997 11250
37538 11250
11396 39165
11396 18051
11396 45157
11396 25134
11396 13461
11396 20116
11396 7501
11396 13030
11396 42709
11396 38732
11396 39269
11396 37945
11396 34519
11396 34450
11396 24995
39165 11396
18051 11396
45157 11396
25134 11396
13461 11396
20116 11396
7501 11396
13030 11396
48775 26568
48775 37748
48775 44206
38732 11396
38732 34519
38732 37945
38732 42709
38732 39269
39269 11396
39269 34519
39269 37945
39269 38732
39269 42709
34519 11396
34519 42709
34519 38732
34519 39269
34519 37945
34450 11396
24995 11396
17995 23430
20618 37862
46033 23568
46033 4349
46033 44011
13459 48634
13459 48772
13459 17695
48739 11444
48739 17760
48739 32375
48739 50439
50439 11444
50439 17760
50439 32375
50439 48739
17760 11444
17760 48739
17760 50439
17760 32375
32375 11444
32375 17760
32375 33449
32375 20628
32375 3285
32375 17757
32375 23452
32375 41217
32375 33488
32375 9197
32375 4038
32375 24790
32375 25669
32375 49142
32375 33502
32375 50365
32375 25150
32375 37432
32375 41781
32375 20793
32375 22151
32375 36589
32375 29053
32375 48739
32375 50439
32375 13487
32375 50385
32375 10587
32375 47365
32375 48600
32375 18464
32375 25434
13535 11551
13535 28105
13535 48481
39197 48481
17296 11551
17296 28105
17296 48481
45161 11551
45161 17481
45161 28105
45161 48481
20201 11551
20201 17481
20201 28105
20201 48481
22875 11551
22875 28105
22875 48481
44232 11551
44232 28105
44232 48481
11631 11551
11631 28105
11631 48481
44535 11551
44535 28105
44535 48481
11554 11551
11554 17481
11554 28105
11554 48481
25319 11551
25319 28105
25319 48481
36907 11551
36907 28105
36907 48481
41711 11551
41711 28105
41711 48481
33264 11551
33264 17481
33264 28105
33264 33350
33264 48481
25318 11551
25318 28105
25318 48481
35400 23083
35400 27933
35400 29016
35400 34871
35400 37005
35400 42712
29963 30907
3811 26568
3811 37748
3811 44206
28953 25096
13104 31792
13104 36883
13104 43880
13104 18978
31792 13104
31792 18978
31792 36883
31792 43880
18978 13104
18978 31792
18978 36883
18978 43880
12506 23415
44020 13358
44020 16484
44020 20681
44020 32572
44020 37635
44020 37805
44020 44119
44020 46218
44020 51062
26873 23740
26873 48629
49713 13358
49713 20556
25574 13368
25574 23353
50003 13368
50003 23353
48772 13459
17695 13459
17695 37904
44134 23447
3353 23447
3353 37869
17661 13654
29261 13654
14329 40843
14329 42330
14329 16535
14329 36828
14329 48461
14329 48434
14329 8979
42330 14329
42330 48434
16535 14329
16535 48434
36828 14329
36828 48434
48461 14329
48461 48434
8979 14329
8979 48434
17570 14347
49240 14347
28446 14347
28700 14347
51304 14347
12490 14347
8912 14347
16490 14347
4387 14347
26919 14347
10792 14347
26485 14347
11020 14347
28406 14347
17699 14347
3280 14347
14809 25033
14809 44193
14809 50319
14809 37805
25033 14809
25033 44193
25033 50319
25033 37805
50319 14809
50319 25033
50319 37805
50319 44193
15451 49024
15451 38389
15451 30140
15451 45521
15451 24457
15451 38290
15451 38237
15451 35010
15451 38559
15451 45533
15451 35027
15451 48953
15451 45639
15451 22015
49024 15451
49024 22015
49024 24457
49024 30140
49024 35010
49024 35027
49024 38237
49024 38290
49024 38389
49024 38559
49024 45521
49024 45533
49024 45639
49024 48953
49024 24518
49024 38289
49024 35002
49024 38558
49024 35043
49024 48951
49024 15450
49024 45636
38389 15451
38389 22015
38389 24457
38389 30140
38389 35010
38389 35027
38389 38237
38389 38290
38389 49024
38389 45521
38389 38559
38389 45533
38389 48953
38389 45639
38389 24518
38389 38289
38389 35002
38389 38558
38389 35043
38389 48951
38389 15450
38389 45636
30140 15451
30140 22015
30140 24457
30140 45521
30140 35810
30140 9654
30140 30662
30140 40620
30140 38660
30140 5304
30140 27392
30140 43469
30140 17091
30140 45679
30140 634
30140 49024
30140 38389
30140 38290
30140 38237
30140 35010
30140 38559
30140 45533
30140 35027
30140 48953
30140 45639
30140 24518
30140 38289
30140 35002
30140 38558
30140 35043
30140 48951
30140 15450
30140 45636
45521 15451
45521 22015
45521 24457
45521 30140
45521 35010
45521 35027
45521 38237
45521 38290
45521 38389
45521 38559
45521 35810
45521 9654
45521 30662
45521 40620
45521 38660
45521 49024
45521 45533
45521 48953
45521 45639
45521 24518
45521 38289
45521 35002
45521 38558
45521 35043
45521 48951
45521 15450
45521 45636
24457 15451
24457 22015
24457 49024
24457 38389
24457 30140
24457 45521
24457 38290
24457 38237
24457 35010
24457 38559
24457 45533
24457 35027
24457 48953
24457 45639
38290 15451
38290 22015
38290 24457
38290 30140
38290 35010
38290 35027
38290 38237
38290 49024
38290 38389
38290 45521
38290 38559
38290 45533
38290 48953
38290 45639
38237 15451
38237 22015
38237 24457
38237 30140
38237 35010
38237 35027
38237 49024
38237 38389
38237 45521
38237 38290
38237 38559
38237 45533
38237 48953
38237 45639
38237 24518
38237 38289
38237 35002
38237 38558
38237 35043
38237 48951
38237 15450
38237 45636
35010 15451
35010 22015
35010 24457
35010 30140
35010 49024
35010 38389
35010 45521
35010 38290
35010 38237
35010 38559
35010 45533
35010 35027
35010 48953
35010 45639
38559 15451
38559 22015
38559 24457
38559 30140
38559 35010
38559 35027
38559 38237
38559 38290
38559 38389
38559 49024
38559 45521
38559 45533
38559 48953
38559 45639
45533 15451
45533 22015
45533 24457
45533 30140
45533 35010
45533 35027
45533 38237
45533 38290
45533 38389
45533 38559
45533 45521
45533 49024
45533 48953
45533 45639
45533 24518
45533 38289
45533 35002
45533 38558
45533 35043
45533 48951
45533 15450
45533 45636
35027 15451
35027 22015
35027 24457
35027 30140
35027 35010
35027 49024
35027 38389
35027 45521
35027 38290
35027 38237
35027 38559
35027 45533
35027 48953
35027 45639
48953 15451
48953 22015
48953 24457
48953 30140
48953 35010
48953 35027
48953 38237
48953 38290
48953 38389
48953 38559
48953 45521
48953 45533
48953 45639
48953 49024
22015 15451
22015 45521
22015 30140
22015 35810
22015 9654
22015 30662
22015 40620
22015 38660
22015 49024
22015 38389
22015 24457
22015 38290
22015 38237
22015 35010
22015 38559
22015 45533
22015 35027
22015 48953
22015 45639
22015 24518
22015 38289
22015 35002
22015 38558
22015 35043
22015 48951
22015 15450
22015 45636
822 24322
10217 36179
46218 16484
46218 37805
46218 44020
46218 51062
9077 16504
49511 16504
14805 16504
14824 16504
28890 16504
28890 17735
28890 29190
28890 28932
28890 18050
28890 3212
28890 12968
28890 20380
28890 20496
28890 29315
28890 3696
28890 22774
28890 16979
28890 42431
28890 37828
28890 46255
28890 44193
37371 32094
4447 50414
3212 28890
8413 17415
32080 17415
2011 17415
12659 17415
22425 17415
34379 17415
26482 23083
26482 34871
26482 42712
3758 17481
3758 48481
20658 17481
20658 48481
5967 17481
5967 48481
12861 17481
12861 33350
12861 48481
3445 17591
3445 39819
31056 17591
31056 39819
19220 17619
4200 17619
49772 17619
49772 37748
3104 17619
44608 17619
25498 22197
25498 31812
25498 34611
34101 22197
34101 31812
34101 34611
47344 22197
47344 31812
47344 34611
44899 22197
44899 31812
44899 34611
18926 22197
18926 31812
18926 34611
25402 22197
25402 31812
25402 34611
27933 17683
27933 20740
27933 23083
27933 50544
27933 33199
27933 29016
27933 42712
27933 14794
27933 11038
27933 51057
27933 37005
27933 44508
27933 28286
27933 35400
27933 34871
27933 27367
27933 7053
31880 26520
31880 16092
31880 50018
31880 31484
31880 17911
37005 17683
37005 27933
37005 29016
37005 50544
37005 51057
37005 35400
37005 14794
32780 17683
17916 25096
2451 17735
50831 17735
39823 17735
23610 17735
19979 17735
3373 17735
23608 17735
22987 17735
34446 17735
9163 17735
9163 50544
8360 17735
46074 17735
32372 17735
17883 17735
37153 17735
23506 17735
44054 17735
26635 17735
37160 17735
37873 17735
26840 17735
3267 17735
42263 17735
2486 17735
13477 17735
20732 29145
17741 20570
47365 32375
49234 17781
49234 20744
49234 23415
42396 17781
42396 20744
42396 23415
42396 26601
42396 49161
42396 51218
51180 17781
51180 20744
51180 23415
14427 17781
14427 20744
14427 23415
26574 33387
26574 37741
26574 50923
26574 25289
26574 1993
26574 44006
26574 3285
26574 36855
26574 24020
26574 50476
26574 50470
33387 26574
33387 37741
33387 50923
33387 25289
33387 1993
33387 44006
33387 3285
33387 36855
33387 24020
33387 50476
33387 50470
37741 26574
37741 33387
37741 50923
37741 24020
37741 50476
17854 20700
17854 20485
17854 28947
17917 29260
17917 37540
29260 17917
37540 17917
18017 28947
18017 20485
10312 18513
31750 18513
5720 18513
13082 18513
4880 19294
4880 29437
21088 19294
21088 27068
42944 19294
42944 27068
4685 19294
4685 27068
42877 19294
42877 27068
21071 19294
21071 29437
29437 19294
29437 21071
29437 4880
29437 15062
29437 35721
29437 39994
29437 27159
29437 9520
29437 34926
15062 19294
15062 29437
35721 19294
35721 29437
39994 19294
39994 29437
27159 19294
27159 29437
9520 19294
9520 29437
34926 19294
34926 29437
12397 19512
30848 19512
30848 38485
30848 41901
40330 19512
40330 38485
40330 41901
36035 19512
1342 19512
19635 19512
19236 19512
38228 19512
15678 19512
24407 19512
48885 19512
48885 38485
48885 41901
27521 19512
27521 38485
27521 41901
12332 19512
12332 38485
12332 41901
554 19512
5176 19512
41916 19512
1422 19512
10011 19512
19797 19512
30898 19512
30954 19512
15178 19512
15178 38485
9885 19512
9885 38485
45585 19512
45585 38485
27850 19512
27850 38485
1556 19512
1556 38485
22088 19512
22088 38485
27750 19512
33891 19512
5188 19512
5188 38485
47912 19512
47912 38485
47912 41901
45586 19512
1845 19512
35088 19512
35970 38485
35970 41901
47844 19559
1304 19559
36326 19559
48201 19559
45107 20025
45107 23083
45107 29016
6103 20025
5713 20419
22593 20419
39340 20419
22688 20419
14742 20419
20484 34602
35335 20485
35335 50497
35335 37805
42782 50587
42782 49633
42782 20461
42782 20567
26593 20570
20681 37635
20681 44020
20681 44119
20681 37805
20681 32572
37635 20681
37635 32572
37635 44020
37635 44119
37635 37805
44119 20681
44119 32572
44119 37635
44119 37805
44119 44020
32572 20681
32572 37635
32572 44020
32572 44119
32572 37805
37904 48654
37904 4417
37904 23588
37904 11487
37904 50434
37904 17695
45636 22015
45636 30140
45636 38237
45636 38389
45636 45521
45636 45533
45636 49024
35810 22015
35810 30140
35810 45521
9654 22015
9654 30140
9654 45521
30662 22015
30662 30140
30662 45521
40620 22015
40620 30140
40620 45521
38660 22015
38660 30140
38660 45521
24518 22015
24518 30140
24518 38237
24518 38389
24518 45521
24518 45533
24518 49024
38289 22015
38289 30140
38289 38237
38289 38389
38289 45521
38289 45533
38289 49024
35002 22015
35002 30140
35002 38237
35002 38389
35002 45521
35002 45533
35002 49024
38558 22015
38558 30140
38558 38237
38558 38389
38558 45521
38558 45533
38558 49024
35043 22015
35043 30140
35043 38237
35043 38389
35043 45521
35043 45533
35043 49024
48951 22015
48951 30140
48951 38237
48951 38389
48951 45521
48951 45533
48951 49024
15450 22015
15450 30140
15450 38237
15450 38389
15450 45521
15450 45533
15450 49024
34218 22197
34218 31812
34218 34611
18931 22197
18931 31812
18931 34611
25484 22197
25484 31812
25484 34611
41858 22197
41858 31812
41858 34611
25408 22197
25408 31812
25408 34611
40979 22197
40979 31812
40979 34611
26814 22197
26814 31812
26814 34611
40980 22197
40980 31812
40980 34611
25269 29016
25269 42712
48717 29016
48717 50544
9214 34871
23090 23083
23090 25267
23090 34871
23090 42712
26669 29016
26669 42712
26951 23083
26951 25267
26951 34871
26951 42712
20813 29016
20813 42712
50636 23083
12542 23083
12542 42712
4415 23083
4415 42712
14794 23083
14794 27933
14794 34871
14794 37005
14794 42712
11038 23083
11038 27933
11038 34871
11038 42712
28982 23083
28982 42712
29098 23083
29098 42712
29185 43932
3783 23353
34422 23405
34422 37862
26358 23415
6566 23415
18797 23415
46308 23415
25266 23415
32448 23415
26388 23415
49142 32375
45162 23430
45162 33425
11481 23447
37090 23447
44568 23447
44568 49727
6027 23447
27943 23447
37573 23447
37573 49727
3429 23447
25185 23447
25185 37869
41390 23447
14355 23447
7469 23447
1907 23447
25555 23447
28733 23447
47449 23447
27994 23447
44690 23447
44530 23447
33609 23447
13029 23447
7338 23447
42356 23460
11432 23460
33236 23460
35395 23460
48686 23460
14426 23460
6407 23740
51110 23740
3539 23740
13423 23740
44139 23740
44139 48629
16495 23740
33300 23740
39009 23740
39009 29055
39009 48629
22094 23740
22094 24637
22094 27594
50453 48629
43876 23740
11307 23740
39797 48629
27242 24322
47771 24322
45546 24322
15663 24322
4921 24322
45617 24322
11880 24322
19689 24322
27535 24322
41373 25096
14116 25096
26937 25096
28508 25096
32136 25412
23219 25412
8489 25412
7472 25412
7472 29139
47416 25412
39500 25412
44652 25412
47445 25412
4452 26568
20579 26568
43977 26568
37678 26568
37816 26568
44009 26568
17751 26568
10977 26568
10977 37748
10977 44206
34431 26568
34431 37748
34431 44206
50592 26568
50592 37748
50592 44206
10900 26568
10900 37748
10900 44206
26662 26568
26662 37748
26662 44206
8689 26568
8689 37748
8689 44206
39805 26568
39805 37748
39805 44206
48317 26568
48317 37748
48317 44206
12554 26568
12554 37748
12554 44206
46470 26568
46470 37748
46470 44206
49213 26568
41175 26568
39832 26568
49284 26568
37429 26568
23180 26568
29019 26568
4443 26568
2416 26568
22367 26568
50678 26568
2030 26568
49825 26568
37695 26568
25289 26574
25289 33387
25289 50923
1993 26574
1993 33387
1993 50923
44006 26574
44006 33387
44006 50923
3285 26574
3285 32375
3285 33387
3285 50923
36855 26574
36855 33387
36855 50923
24020 26574
24020 33387
24020 37741
24020 50923
50476 26574
50476 33387
50476 37741
50476 50923
50470 26574
50470 33387
50470 50923
14152 26601
14152 49161
16784 26601
16784 49161
33580 37748
38932 27918
34583 27918
9240 27918
48485 27918
29150 27918
29150 29139
22968 27918
2985 27918
2468 27921
44508 27933
28286 27933
27367 27933
7053 27933
34723 27979
17474 27979
17474 46693
37022 27979
37022 46693
42107 27979
42107 46693
45861 27979
29438 27979
29190 28890
28932 28890
18050 28890
12968 28890
20380 28890
20496 28890
29315 28890
3696 28890
22774 28890
16979 28890
42431 28890
37828 28890
44501 50544
11518 29016
39693 29016
25658 29016
3263 29040
50385 29040
50385 32375
27026 29040
41432 29040
13504 29040
13167 29040
3567 29040
26532 29055
34479 29055
46382 29055
25941 29055
49315 29055
18911 29055
31726 29055
39696 29055
20596 29055
40754 29055
19990 29055
45014 29055
50525 29055
25626 29055
40954 29055
35514 29055
39017 29055
16479 29055
17516 29055
29212 29055
6673 29055
20627 29055
35359 29055
44196 29129
32352 29139
37564 29139
48496 29139
11530 29139
42383 29139
32501 29139
49058 29139
16042 29139
32105 29139
10804 29139
23175 29139
37701 29139
37664 29139
20022 29139
27926 29139
6906 29145
3014 29145
20644 29145
6692 29145
49828 29145
10380 29145
31309 29145
44611 29145
12942 29145
46420 29145
23017 29145
36711 29145
31825 29145
5304 30140
27392 30140
43469 30140
17091 30140
45679 30140
634 30140
35017 30907
4933 30907
47961 30907
1170 30907
50259 30907
27644 30907
35131 30907
27768 30907
27768 36179
1651 30907
48980 30907
30221 30907
48895 30907
36215 30907
19866 30907
12089 30907
43515 36179
43515 50250
43418 36222
25630 31715
48570 31715
8966 31715
7546 31715
20313 31715
47350 31715
4343 31715
39246 31715
31815 31812
25427 31812
47495 31812
2245 31812
18934 31812
26520 31880
50018 31880
40942 32094
26360 32094
2477 32094
44285 32094
36689 32094
6769 32094
20808 32094
49098 32094
17626 32094
6731 32094
20459 32094
6107 32094
17969 32094
6108 32094
33449 32375
20628 32375
17757 32375
23452 32375
41217 32375
33488 32375
9197 32375
4038 32375
24790 32375
25669 32375
33502 32375
50365 32375
25150 32375
37432 32375
41781 32375
20793 32375
22151 32375
36589 32375
29053 32375
13487 32375
10587 32375
48600 32375
18464 32375
25434 32375
33233 43932
7290 44206
37743 33425
49648 33425
3535 34604
8579 34604
34846 34604
16505 34604
20703 34604
46053 34604
14332 34604
51055 34604
25699 34611
34340 34611
3987 34611
39393 34611
14665 34611
44802 34611
26500 34611
24793 34611
38887 34611
36638 34611
13643 34611
41714 34611
3035 34611
40957 37748
37674 37748
48094 36179
30730 36179
24516 36179
38240 36179
1797 36179
43261 36179
17108 36179
17108 50250
15479 36179
50199 36222
47897 36222
48202 36222
37423 50780
28714 37748
4338 37748
3328 37748
50703 37748
17670 37748
50855 37748
3371 37748
49224 37748
37537 37748
23568 37862
23568 46033
24884 37862
37746 37862
37941 37862
43912 37862
22336 37862
16142 37862
12448 37862
20367 37862
12897 37862
2383 37862
47482 37862
35180 37862
31571 37862
4276 37862
38771 37862
32722 37862
8634 37862
41173 37862
47314 37862
39234 37862
46963 37862
32698 37862
6828 37862
26029 37862
47319 37862
7371 37862
34315 37862
26753 37862
38873 37862
40975 37862
6291 37862
44746 37862
28589 37862
6979 37862
16909 37862
13233 37862
3412 37862
32734 37862
4349 46033
44036 37869
39307 37869
22368 37869
48654 37904
4417 37904
23588 37904
11487 37904
50434 37904
36178 38485
36178 41901
5004 38485
5004 41901
40207 38485
40207 41901
21685 38485
21685 41901
4944 38485
4944 41901
3867 39819
12948 39819
38640 41901
47849 41901
19807 41901
7922 41901
36542 42057
38885 42057
16666 42057
37176 42712
33356 42712
28023 42712
50587 42782
49633 42782
20461 42782
20567 42782
33571 43932
48777 43932
25124 43932
3632 43932
50384 43932
48655 43932
3963 43932
8641 43932
11462 43932
33501 44206
18760 44206
7280 44206
6141 44206
5829 44206
41552 44206
14330 44206
7622 44206
12552 44206
6034 44206
14312 44206
26856 44206
1986 44206
44011 46033
44495 48481
13409 48629
16134 48629
32805 48629
28432 48629
2963 48629
50916 48629
50437 48681
31134 48681
17718 48681
14369 48681
17787 48681
3438 48681
7658 48681
29245 48681
27931 48689
44992 48689
19085 48689
37496 48689
37831 48796
16149 49308
44944 49308
39235 49308
49155 49308
31241 49308
40905 49308
6660 49308
24880 49308
10643 49308
23765 49727
23059 49727
26275 49727
20540 49751
4105 49751
19862 50250
8855 50250
13867 50250
30372 50250
2085 50414
20614 50414
44184 50414
10897 50414
3441 50544
44029 50544
17881 50780
28534 50780
49300 50780
46565 50780
49438 50780
20040 50780
3368 50780
23455 50780
